480,53
960,60
1440,68
1920,60
2400,68
-270720,70
-544800,70
-543840,53
-543360,61
-542400,70
-541920,65
-540960,53
-540480,61
-539520,53
-812160,53
-811200,65
-1083840,53
-1083360,60
-1082880,41
-1082880,48
-1082400,41
-1083360,65
-1082880,65
-1083840,65
-1083360,60
-1082880,41
-1081920,48
-1081440,60
-1080960,65
-1080960,48
-1080480,60
-1080480,48
-1080000,60
-1079520,65
-1079520,65
-1079040,41
-1078560,53
-1078080,41
-1078080,65
-1077600,53
-1077600,65
-1077120,48
-1077120,65
-1076640,65
-1076160,53
-1075680,65
-1075680,65
-1075200,41
-1074240,48
-1073760,60
-1073280,41
-1072800,60
-1072320,65
-1071840,60
-1071360,65
-1071360,48
-1070880,53
-1070880,48
-1070400,48
-1071360,65
-1070880,60
-1070880,48
-1070400,41
-1070400,48
-1069920,60
-1069440,41
-1069440,48
-1068960,53
-1068960,48
-1068480,41
-1068000,48
-1069440,48
-1068960,60
-1071360,65
-1070880,65
-1070400,48
-1069920,41
-1069440,53
-1068960,65
-1068480,65
-1068000,60
-1067520,48
-1067040,53
-1066560,65
-1069440,48
-1068960,60
-1072800,65
-1072320,60
-1076160,65
-1075680,48
-1079520,65
-1079040,65
-1081920,48
-1081440,48
-1085280,65
-1084800,60
-1084320,41
-1084320,48
-1083840,60
-1083360,65
-1083360,65
-1082880,41
-1082880,48
-1082400,41
-1081920,53
-1081440,41
-1080960,53
-1080480,65
-1080000,53
-1079520,41
-1079040,60
-1078560,41
-1079520,65
-1079040,60
-1078560,41
-1078080,53
-1077600,41
-1077120,60
-1076640,41
-1075680,48
-1075200,60
-1075200,65
-1074720,53
-1074720,65
-1074240,60
-1073760,65
-1073280,60
-1072800,41
-1072320,60
-1071840,41
-1071840,65
-1071360,60
-1070400,48
-1069920,65
-1069440,65
-1068000,65
-1067520,65
-1067040,53
-1066560,65
-1065120,65
-1064640,53
-1062240,48
-1061760,65
-1061280,53
-1060800,65
-1058400,48
-1057920,60
-1057440,65
-1058400,65
-1057920,41
-1057920,48
-1057440,41
-1056960,53
-1056480,65
-1056480,65
-1056000,65
-1055040,48
-1054560,41
-1054080,53
-1053600,65
-1053120,60
-1052640,65
-1052640,48
-1052160,53
-1053120,65
-1052640,60
-1053600,65
-1053120,41
-1052640,60
-1052160,41
-1052160,48
-1051680,65
-1051200,53
-1050720,65
-1050720,65
-1050240,48
-1050240,65
-1049760,65
-1049760,65
-1049280,41
-1048800,53
-1048320,41
-1048320,65
-1047840,53
-1046880,48
-1046400,53
-1045440,48
-1044960,53
-1044960,65
-1044480,41
-1044480,65
-1044000,53
-1043040,48
-1042560,48
-1042560,65
-1042080,60
-1041600,65
-1041600,48
-1041120,41
-1041120,48
-1040640,41
-1039680,48
-1039200,48
-1039200,65
-1038720,53
-1038720,65
-1038240,65
-1038240,65
-1037760,65
-1037280,60
-1036800,48
-1036320,53
-1035840,65
-1035360,65
-1034880,60
-1034400,65
-1032960,65
-1032480,65
-1032000,48
-1031520,65
-1031040,65
-1030560,65
-1030080,65
-1029600,53
-1029120,48
-1028640,65
-1027200,65
-1026720,65
-1026240,60
-1025760,41
-1024320,65
-1023840,60
-1023360,41
-1022880,53
-1022400,65
-1021920,60
-1021440,41
-1020480,48
-1020000,41
-1019520,60
-1019040,65
-1019040,65
-1018560,53
-1017600,48
-1017120,60
-1016640,41
-1015680,48
-1015200,60
-1015200,65
-1014720,53
-1013760,48
-1013280,60
-1012320,48
-1011840,60
-1011360,65
-1012320,65
-1011840,48
-1012800,65
-1012320,60
-1012320,48
-1011840,41
-1011840,48
-1011360,41
-1010880,53
-1010400,65
-1010400,65
-1009920,41
-1009920,48
-1009440,41
-1009440,65
-1008960,41
-1008960,65
-1008480,65
-1008480,65
-1008000,53
-1007040,48
-1006560,48
-1006080,53
-1005600,65
-1005600,65
-1005120,60
-1004640,65
-1004640,48
-1004160,60
-1004160,48
-1003680,41
-1003200,60
-1002720,41
-1002240,53
-1001760,41
-1001280,60
-1000800,41
-1000320,53
-999840,41
-999840,48
-999360,48
-1000320,65
-999840,41
-999360,53
-998880,41
-998400,48
-997920,60
-997440,48
-996960,60
-996480,48
-996000,41
-996960,65
-996480,60
-996000,41
-995040,48
-994560,65
-994080,53
-993600,48
-993120,41
-991680,65
-991200,60
-989760,65
-989280,53
-987840,65
-987360,65
-986880,53
-986400,65
-985920,60
-985440,65
-984000,65
-983520,41
-983040,60
-982560,65
-982080,53
-981600,65
-981120,53
-980640,41
-980160,60
-979680,65
-979200,65
-978720,60
-978240,48
-977760,41
-977280,48
-976800,65
-976320,60
-975840,65
-974400,65
-973920,60
-973440,65
-973440,65
-972960,65
-972480,60
-972000,48
-971040,48
-970560,53
-969600,48
-969120,41
-968640,53
-968160,65
-969120,65
-968640,48
-968640,48
-968160,60
-967680,41
-966720,48
-966240,60
-965280,48
-964800,41
-964320,60
-963840,41
-962880,48
-962400,65
-961920,53
-961440,48
-960960,53
-960480,65
-959520,48
-959040,48
-958080,48
-957600,41
-957600,65
-957120,65
-956640,60
-956160,65
-955680,53
-955200,48
-954240,48
-953760,60
-953760,65
-953280,65
-953280,48
-952800,48
-952800,48
-952320,60
-951840,41
-951360,53
-950880,41
-950400,53
-949920,65
-949920,48
-949440,53
-950400,65
-949920,65
-950880,65
-950400,60
-950400,48
-949920,48
-949920,48
-949440,60
-948960,65
-948960,65
-948480,65
-948000,60
-947520,65
-947520,48
-947040,60
-946560,41
-946560,65
-946080,60
-945600,41
-945120,60
-944640,41
-944160,60
-943680,41
-943680,48
-943200,53
-944160,65
-943680,60
-944640,65
-944160,65
-943680,60
-943200,41
-943200,48
-942720,65
-942720,48
-942240,65
-941760,53
-941280,41
-940800,60
-940320,65
-940320,48
-939840,41
-939840,65
-939360,48
-939360,65
-938880,60
-938400,65
-937920,60
-937440,65
-937440,48
-936960,60
-936480,65
-936480,65
-936000,41
-936000,48
-935520,65
-935520,48
-935040,48
-936000,65
-935520,60
-935520,48
-935040,65
-935040,48
-934560,65
-934560,48
-934080,60
-933600,65
-933120,53
-932640,41
-932640,65
-932160,60
-932160,65
-931680,65
-932640,65
-932160,53
-933120,65
-932640,65
-932160,53
-931680,41
-931200,60
-930720,65
-930240,65
-929760,65
-930720,65
-930240,65
-930240,65
-929760,65
-928800,48
-928320,41
-927360,48
-926880,48
-925920,48
-925440,48
-925440,65
-924960,65
-924960,48
-924480,41
-924000,48
-925440,48
-924960,48
-924480,65
-924000,60
-923520,41
-923520,48
-923040,48
-923040,48
-922560,53
-923520,65
-923040,60
-923040,48
-922560,65
-922080,60
-921600,41
-921600,48
-921120,65
-920640,60
-920160,41
-919680,53
-919200,41
-918720,53
-918240,41
-918240,65
-917760,65
-917280,65
-916800,53
-916320,65
-915840,60
-915360,41
-914880,60
-914400,65
-913920,65
-912960,48
-912480,60
-912000,65
-912000,65
-911520,53
-910560,48
-910080,65
-909600,65
-909120,60
-908640,41
-908160,60
-907680,41
-906240,65
-905760,60
-905280,41
-904800,60
-904320,65
-904320,48
-903840,48
-904800,65
-904320,65
-903840,48
-903360,53
-902880,48
-902400,53
-901920,48
-901440,53
-900960,48
-900480,41
-900480,48
-900000,53
-900960,65
-900480,60
-901440,65
-900960,48
-901920,65
-901440,65
-901440,65
-900960,48
-900000,48
-899520,48
-898560,48
-898080,53
-898080,65
-897600,53
-896640,48
-896160,48
-895680,53
-895200,65
-895200,65
-894720,41
-894240,53
-893760,41
-893760,65
-893280,48
-892320,48
-891840,48
-890880,48
-890400,53
-889440,48
-888960,48
-888960,65
-888480,65
-888000,53
-887520,48
-887040,65
-886560,60
-886080,65
-885600,65
-885120,65
-884640,60
-884160,41
-883680,48
-883200,41
-882720,60
-882240,41
-880800,65
-880320,60
-879840,41
-879840,48
-879360,60
-880320,65
-879840,60
-879840,48
-879360,41
-878880,53
-878400,65
-877920,60
-877440,41
-876960,60
-876480,41
-876000,60
-875520,41
-875040,48
-874560,41
-874080,60
-873600,65
-873120,48
-872640,41
-872160,60
-871680,65
-871200,65
-873600,65
-873120,65
-872640,65
-872160,48
-871680,41
-871200,60
-870720,65
-870240,65
-871680,48
-871200,60
-870720,65
-870720,48
-870240,65
-870240,48
-869760,65
-869280,60
-868800,41
-868320,53
-867840,41
-867360,53
-866880,41
-866880,48
-866400,60
-866400,48
-865920,65
-865920,48
-865440,65
-864960,53
-864480,65
-865440,65
-864960,53
-864960,48
-864480,60
-865440,65
-864960,53
-864960,48
-864480,41
-864000,53
-863520,41
-863040,53
-862560,41
-862080,53
-861600,41
-861600,65
-861120,60
-860160,48
-859680,53
-858720,48
-858240,60
-857280,48
-856800,65
-855840,48
-855360,48
-854880,53
-854400,65
-853920,65
-853440,48
-852480,48
-852000,60
-851520,65
-851040,53
-850560,65
-851520,65
-851040,48
-851040,48
-850560,48
-851520,65
-851040,48
-852000,65
-851520,65
-851040,60
-850560,41
-849600,48
-849120,48
-848160,48
-847680,48
-847200,65
-845760,65
-845280,60
-842880,48
-842400,48
-840000,48
-839520,48
-837120,48
-836640,60
-834240,48
-833760,60
-832320,65
-831840,60
-830400,65
-829920,60
-827520,48
-827040,53
-824640,48
-824160,60
-821760,48
-821280,60
-820800,41
-820320,60
-819840,41
-818880,48
-818400,60
-817440,48
-816960,48
-816480,53
-816000,48
-815520,53
-815040,48
-814080,48
-813600,60
-812640,48
-812160,60
-811680,65
-811680,48
-811200,41
-810720,53
-810240,41
-809760,60
-809280,65
-810240,65
-809760,41
-809280,48
-808800,53
-808320,48
-807840,65
-807360,60
-806880,65
-806400,65
-808800,65
-808320,65
-807840,48
-807360,65
-809760,65
-809280,48
-810720,48
-810240,53
-811680,48
-811200,53
-813600,65
-813120,53
-814560,48
-814080,48
-816480,65
-816000,48
-818400,65
-817920,48
-819360,48
-818880,60
-821280,65
-820800,48
-823200,65
-822720,41
-822240,48
-821760,65
-821280,48
-820800,53
-820320,48
-819840,53
-819360,48
-818880,53
-818400,65
-821280,48
-820800,53
-823680,48
-823200,60
-822720,41
-821760,48
-821280,65
-820800,53
-820320,48
-819840,53
-819360,65
-818880,53
-818400,65
-817920,53
-817440,48
-816960,41
-815520,65
-815040,65
-814560,65
-814560,65
-814080,41
-814080,48
-813600,41
-813120,60
-812640,41
-812640,48
-812160,41
-811680,53
-811200,65
-810720,60
-810240,65
-810240,65
-809760,48
-809760,65
-809280,65
-808800,53
-808320,41
-807840,53
-807360,41
-806880,53
-806400,41
-805440,48
-804960,41
-804960,65
-804480,48
-804480,65
-804000,48
-804000,65
-803520,60
-803520,65
-803040,65
-802080,48
-801600,41
-801120,53
-800640,65
-801600,65
-801120,41
-800640,48
-800160,41
-799680,53
-799200,41
-800160,65
-799680,48
-799680,48
-799200,48
-800160,65
-799680,41
-799680,48
-799200,48
-800160,65
-799680,48
-800640,65
-800160,60
-801120,65
-800640,60
-800160,65
-800160,65
-799680,48
-798720,48
-798240,53
-797280,48
-796800,60
-795840,48
-795360,48
-794880,41
-794400,48
-793440,48
-792960,60
-792480,65
-793440,65
-792960,65
-792480,53
-792000,65
-792000,65
-791520,65
-791040,60
-790560,41
-790560,48
-790080,48
-790080,48
-789600,41
-788640,48
-788160,41
-787200,48
-786720,48
-786240,60
-785760,48
-785280,60
-784800,48
-784320,53
-783840,48
-783360,60
-782880,48
-782400,53
-781920,65
-780960,48
-780480,53
-780480,65
-780000,53
-780000,65
-779520,65
-779040,53
-778560,65
-777600,48
-777120,60
-776640,65
-776640,65
-776160,48
-775200,48
-774720,53
-774720,65
-774240,60
-774240,65
-773760,65
-774720,65
-774240,60
-773760,65
-774720,65
-774240,53
-774240,48
-773760,60
-774720,65
-774240,65
-773760,48
-775200,48
-774720,48
-774240,60
-773760,48
-773280,65
-772800,65
-774240,48
-773760,65
-776160,65
-775680,65
-775200,65
-774720,53
-774240,41
-775200,65
-774720,65
-775680,65
-775200,48
-776160,65
-775680,60
-775200,41
-774240,48
-773760,65
-773280,65
-772800,53
-772320,41
-771840,60
-771360,41
-770880,60
-770400,41
-768000,48
-767520,41
-767040,48
-766560,60
-766080,65
-765600,60
-765120,65
-765120,65
-764640,53
-763680,48
-763200,53
-762240,48
-761760,48
-761280,60
-760800,65
-759840,48
-759360,65
-758400,48
-757920,60
-757920,65
-757440,60
-756960,41
-756960,65
-756480,53
-755520,48
-755040,48
-754080,48
-753600,48
-752640,48
-752160,48
-751680,60
-751200,65
-750720,53
-750240,65
-749760,60
-749280,65
-748800,53
-748320,48
-747360,48
-746880,48
-746880,65
-746400,65
-746400,65
-745920,48
-744960,48
-744480,48
-744000,53
-743520,65
-743040,53
-742560,65
-742560,65
-742080,48
-741120,48
-740640,48
-740160,60
-739680,65
-739200,65
-738720,65
-738240,53
-737760,65
-737760,65
-737280,53
-737280,65
-736800,48
-736800,65
-736320,65
-736320,65
-735840,65
-735840,65
-735360,48
-735360,65
-734880,53
-734880,65
-734400,48
-733440,48
-732960,60
-732480,41
-731520,48
-731040,65
-730080,48
-729600,53
-728640,48
-728160,48
-727200,48
-726720,48
-726720,65
-726240,65
-725760,60
-725280,48
-724320,48
-723840,53
-723840,65
-723360,65
-722880,53
-722400,65
-721920,60
-721440,41
-721440,65
-720960,53
-720000,48
-719520,60
-719040,41
-719040,48
-718560,41
-718080,60
-717600,65
-717120,60
-716640,41
-716640,65
-716160,53
-715200,48
-714720,65
-714240,65
-713760,65
-713280,65
-712800,48
-712320,53
-711840,48
-711360,41
-710880,48
-710400,60
-709920,48
-709440,60
-708960,65
-708960,65
-708480,60
-707520,48
-707040,53
-706080,48
-705600,60
-705120,65
-704640,53
-704160,65
-705120,65
-704640,60
-704640,48
-704160,65
-704160,65
-703680,48
-703680,65
-703200,41
-703200,65
-702720,65
-701760,48
-701280,48
-700320,48
-699840,41
-699360,60
-698880,41
-698880,48
-698400,53
-699360,65
-698880,48
-698880,48
-698400,65
-698400,48
-697920,41
-697920,65
-697440,41
-696960,60
-696480,65
-697440,65
-696960,65
-696480,53
-696000,41
-696000,48
-695520,53
-695520,48
-695040,48
-695040,48
-694560,60
-694560,48
-694080,65
-693600,60
-693120,65
-693120,48
-692640,60
-692160,65
-693120,65
-692640,60
-692160,41
-691680,60
-691200,41
-690720,60
-690240,41
-690240,65
-689760,65
-689280,65
-688800,60
-688320,65
-686880,65
-686400,65
-685920,65
-685440,60
-684960,65
-684480,60
-684000,65
-684000,65
-683520,60
-683520,65
-683040,65
-682560,53
-682080,65
-681600,65
-681120,65
-680640,65
-679200,65
-678720,65
-678240,65
-677760,65
-677280,65
-676320,48
-675840,60
-675360,41
-674400,48
-673920,53
-673920,65
-673440,41
-673440,65
-672960,60
-672480,65
-673440,65
-672960,65
-672480,60
-672000,65
-671520,48
-671040,53
-670560,48
-670080,41
-670080,48
-669600,65
-669600,48
-669120,41
-669120,48
-668640,65
-668640,48
-668160,53
-669120,65
-668640,41
-668160,48
-667680,41
-667200,48
-666720,60
-666240,65
-665760,53
-665280,48
-664800,60
-664320,48
-663840,41
-663360,48
-662880,41
-663840,65
-663360,48
-663360,48
-662880,65
-662880,65
-662400,65
-661440,48
-660960,48
-660960,65
-660480,60
-660480,65
-660000,65
-659520,60
-659040,41
-658560,60
-658080,41
-657120,48
-656640,41
-656160,60
-655680,65
-656640,65
-656160,48
-657120,65
-656640,53
-657600,65
-657120,65
-657120,48
-656640,60
-656160,41
-655680,53
-655200,65
-655200,65
-654720,60
-654240,65
-653760,60
-653280,41
-653280,65
-652800,65
-651840,48
-651360,60
-650880,65
-650400,60
-649920,41
-649440,60
-648960,65
-648960,48
-648480,48
-649440,65
-648960,65
-648480,48
-648000,53
-647520,48
-648960,48
-648480,60
-650880,65
-650400,53
-651840,48
-651360,53
-652800,48
-652320,48
-651840,53
-651360,48
-650880,41
-650400,53
-649920,41
-650880,65
-650400,65
-649920,48
-649440,65
-650400,65
-649920,41
-649440,60
-648960,65
-648480,65
-649920,48
-649440,48
-650880,48
-650400,48
-651840,48
-651360,65
-650880,60
-650400,65
-649920,65
-649440,65
-648960,65
-648480,48
-648000,65
-648960,65
-648480,60
-648000,65
-648000,48
-647520,65
-647040,60
-646560,65
-646080,60
-645600,65
-645120,60
-644640,41
-644640,65
-644160,65
-645120,65
-644640,60
-644160,41
-644160,65
-643680,41
-643680,48
-643200,60
-642720,41
-641760,48
-641280,41
-640800,60
-640320,41
-640320,65
-639840,53
-638880,48
-638400,48
-638400,65
-637920,60
-636960,48
-636480,48
-635520,48
-635040,48
-634080,48
-633600,48
-632640,48
-632160,65
-631680,65
-631200,48
-630720,60
-630240,48
-629280,48
-628800,60
-628320,41
-627840,60
-627360,65
-627360,48
-626880,65
-626400,60
-625920,41
-625920,65
-625440,53
-624480,48
-624000,60
-623520,41
-623520,48
-623040,60
-622560,65
-622080,53
-621600,41
-621600,65
-621120,60
-620640,65
-620640,48
-620160,41
-619680,60
-619200,41
-619200,48
-618720,48
-619680,65
-619200,41
-620160,65
-619680,53
-619680,48
-619200,65
-620160,65
-619680,60
-619200,65
-618720,53
-618240,65
-619200,65
-618720,65
-618720,65
-618240,65
-618240,48
-617760,41
-616800,48
-616320,53
-616320,65
-615840,48
-615840,65
-615360,65
-616320,65
-615840,41
-615840,48
-615360,41
-614880,48
-614400,60
-613920,65
-615360,48
-614880,65
-614400,65
-613920,53
-613440,41
-612960,60
-612480,41
-612000,48
-611520,41
-611520,48
-611040,41
-610560,53
-610080,41
-609600,60
-609120,65
-609120,65
-608640,65
-608640,65
-608160,65
-608160,65
-607680,60
-607680,65
-607200,60
-606240,48
-605760,65
-604800,48
-604320,41
-604320,48
-603840,65
-603840,65
-603360,60
-602880,65
-602880,48
-602400,48
-602400,48
-601920,41
-602880,65
-602400,65
-601920,53
-601440,41
-602400,65
-601920,53
-601920,48
-601440,53
-601440,48
-600960,41
-600000,48
-599520,48
-599040,60
-598560,65
-598080,60
-597600,65
-597120,60
-596640,65
-596160,53
-595680,48
-595200,41
-594720,60
-594240,65
-593760,60
-593280,65
-592800,65
-592800,65
-592320,65
-592320,65
-591840,65
-591840,65
-591360,65
-591360,65
-590880,48
-589920,48
-589440,65
-588960,53
-588480,65
-588000,53
-587520,65
-587040,65
-586560,65
-586560,65
-586080,65
-585600,60
-585120,65
-585120,65
-584640,53
-583680,48
-583200,53
-582240,48
-581760,48
-581280,41
-579840,65
-579360,48
-577920,65
-577440,48
-575040,48
-574560,60
-573120,65
-572640,41
-572160,48
-571680,41
-571200,48
-570240,48
-569760,65
-568800,48
-568320,41
-567840,60
-567360,65
-566880,53
-566400,65
-566400,65
-565920,65
-565440,53
-564960,48
-564480,60
-564000,48
-563520,53
-563040,65
-563040,65
-562560,60
-561600,48
-561120,41
-560640,60
-560160,65
-561120,65
-560640,65
-560160,60
-559680,41
-560640,65
-560160,53
-561120,65
-560640,53
-560640,48
-560160,41
-560160,48
-559680,65
-559200,60
-558720,41
-557760,48
-557280,60
-556800,41
-556320,60
-555840,65
-555360,53
-554880,65
-554400,60
-553920,41
-553440,60
-552960,41
-552960,48
-552480,60
-552000,65
-551520,60
-551040,65
-550560,53
-550080,65
-549600,53
-549120,41
-548160,48
-547680,65
-547680,65
-547200,60
-547200,65
-546720,65
-546720,65
-546240,65
-545760,60
-545280,41
-545280,48
-544800,41
-544320,53
-543840,41
-543360,53
-542880,65
-542400,65
-541920,53
-541440,48
-542880,48
-542400,60
-541920,41
-541920,65
-541440,65
-540960,65
-540480,60
-540000,65
-539520,60
-539040,41
-538560,60
-538080,41
-536640,65
-536160,60
-535680,41
-535680,48
-535200,65
-535200,48
-534720,48
-534720,48
-534240,60
-534240,48
-533760,48
-534720,65
-534240,60
-533760,41
-533280,53
-532800,65
-532320,60
-531840,41
-530880,48
-530400,53
-530400,65
-529920,53
-529920,65
-529440,60
-528960,65
-528960,65
-528480,41
-528480,65
-528000,41
-527040,48
-526560,48
-526080,53
-525600,48
-525120,65
-524640,48
-524160,60
-523680,48
-523200,60
-522720,65
-522240,60
-521760,48
-521280,41
-520800,53
-520320,41
-519840,53
-519360,65
-517920,65
-517440,48
-515040,48
-514560,65
-514080,53
-513600,48
-513120,60
-512640,48
-512160,41
-511680,53
-511200,41
-510720,60
-510240,41
-509760,53
-509280,65
-506400,65
-505920,60
-486719,0
-486239,48
-467038,0
-466558,48
-447357,0
-446877,65
-427676,0
-427196,48
-424316,65
-423836,60
-404635,0
-404155,53
-384954,0
-384474,53
-365273,0
-364793,53
-361913,65
-361433,60
-358553,65
-358073,48
-355193,65
-354713,60
-335512,0
-335032,41
-332152,65
-331672,60
-331192,41
-330712,53
-330232,65
-330232,65
-329752,65
-329752,48
-329272,60
-329272,48
-328792,41
-328792,65
-328312,41
-328312,65
-327832,60
-327832,65
-327352,60
-326872,41
-326872,65
-326392,41
-325432,48
-324952,65
-324952,65
-324472,60
-323992,65
-323512,60
-323032,41
-322552,53
-322072,41
-321592,53
-321112,65
-320632,60
-320152,41
-320152,65
-319672,60
-319192,41
-319192,65
-318712,48
-318712,65
-318232,65
-317752,60
-317272,41
-317272,65
-316792,65
-316312,60
-315832,65
-315352,53
-314872,48
-314392,53
-313912,48
-313432,53
-312952,48
-312472,41
-310072,48
-309592,48
-307192,48
-306712,53
-305272,65
-304792,65
-303352,65
-302872,60
-301432,65
-300952,53
-299512,65
-299032,60
-298552,41
-297592,48
-297112,48
-296632,41
-295192,65
-294712,60
-292312,48
-291832,53
-290392,65
-289912,65
-289432,65
-286552,65
-286072,65
-285592,53
-285112,41
-284632,60
-284152,41
-283672,53
-283192,41
-282712,60
-282232,65
-279352,65
-278872,48
-259671,0
-259191,60
-239990,0
-239510,41
-220309,0
-219829,48
-200628,0
-200148,65
-197268,65
-196788,53
-177587,0
-177107,60
-174227,65
-173747,48
-154546,0
-154066,53
-151186,65
-150706,41
-150226,48
-149746,53
-149266,65
-147826,65
-147346,65
-146866,60
-146386,65
-145906,53
-145426,65
-144946,65
-144466,65
-142066,48
-141586,48
-139186,48
-138706,53
-136306,48
-135826,65
-134386,65
-133906,60
-132466,65
-131986,48
-129586,48
-129106,48
-126706,48
-126226,48
-125746,41
-122866,65
-122386,60
-119506,65
-119026,53
-116146,65
-115666,41
-96465,0
-95985,48
-76784,0
-76304,60
-73424,65
-72944,41
-53743,0
-53263,60
-34062,0
-33582,41
-30702,65
-30222,53
-11021,0
-10541,65
-7661,65
-7181,41
-6701,48
-6221,65
-5741,53
-5261,65
-4781,53
-4301,65
-3821,53
-3341,65
-2861,65
-461,48
19,60
499,41
979,53
1459,65
1939,53
2419,41
3379,48
3859,60
4819,48
5299,65
5779,53
6259,65
6739,65
7219,48
7699,65
8179,53
8659,65
9139,48
9619,53
10099,48
11059,48
11539,60
12019,41
12499,53
12979,65
13459,60
13939,41
14899,48
15379,60
15379,65
15859,65
16339,60
16819,41
16819,48
17299,60
17299,48
17779,60
16819,65
17299,53
16339,65
16819,60
16819,48
17299,65
17779,60
18259,65
17299,65
17779,60
17779,48
18259,60
18259,48
18739,41
18739,48
19219,41
19699,60
20179,41
20179,48
20659,41
21139,60
21619,41
21619,48
22099,53
22099,48
22579,60
23059,41
23059,48
23539,41
23539,48
24019,65
24499,60
24979,65
24979,65
25459,65
25939,53
26419,48
27379,48
27859,60
28339,41
28339,65
28819,60
29779,48
30259,65
30739,60
31219,48
31699,41
32179,48
32659,53
33139,48
33619,60
34099,65
34579,60
35059,48
35539,65
36019,48
36499,60
36979,65
37939,48
38419,65
38899,53
39379,48
39859,53
40339,65
40819,65
41299,48
42259,48
42739,53
43699,48
44179,48
44179,65
44659,60
45139,65
45139,48
45619,65
44659,65
45139,53
45139,48
45619,48
45619,48
46099,48
46099,48
46579,65
45619,65
46099,48
45139,65
45619,60
44659,65
45139,60
44179,65
44659,60
43699,65
44179,48
43219,65
43699,60
43699,48
44179,60
44659,65
45139,60
45619,41
46579,48
47059,48
47539,41
49939,48
50419,48
51859,65
52339,60
54739,48
55219,53
56659,65
57139,60
57619,65
57619,65
58099,48
58099,65
58579,41
59059,53
59539,65
59539,48
60019,60
60019,48
60499,60
60499,48
60979,65
60019,65
60499,48
60499,48
60979,48
60979,48
61459,41
61459,48
61939,41
62419,53
62899,41
63379,53
63859,65
64339,48
64819,60
65299,48
63859,48
64339,41
64819,48
65299,41
65779,60
66259,65
66739,53
67219,65
67699,65
68179,60
68659,48
69139,53
69619,48
70099,60
70579,65
66739,65
67219,53
63379,65
63859,60
64339,65
64819,53
65299,65
65779,60
66259,65
66739,60
67219,65
67219,65
67699,60
67699,65
68179,65
68659,65
69139,60
69619,41
70099,48
70579,60
71059,65
72019,48
72499,60
72979,65
72979,48
73459,60
73459,48
73939,41
72979,65
73459,41
72499,65
72979,65
72979,65
73459,53
74419,48
74899,60
75379,41
75379,48
75859,65
74899,65
75379,60
75859,41
75859,65
76339,53
76339,65
76819,60
77779,48
78259,48
78739,60
79219,48
79699,41
80179,48
80659,41
83059,48
83539,48
85939,48
86419,60
86899,65
87379,60
87859,65
87859,48
88339,65
88339,48
88819,48
88819,48
89299,48
88339,65
88819,53
88819,48
89299,53
89299,48
89779,53
88819,65
89299,60
89779,65
90259,53
90739,41
91219,60
91699,65
91699,65
92179,65
92659,53
93139,65
93139,65
93619,65
93619,48
94099,65
94579,60
95059,65
95539,60
96019,65
96019,65
96499,65
96499,48
96979,60
97459,65
97459,65
97939,65
98419,53
98899,41
99379,53
99859,41
100339,53
100819,65
100819,65
101299,53
102259,48
102739,48
103219,53
103699,48
104179,60
104659,48
105139,65
105619,65
106099,65
106579,60
107059,41
107539,60
108019,41
108499,60
108979,41
109459,60
109939,41
110419,53
110899,65
111379,48
111859,41
112339,53
112819,41
113299,60
113779,41
114259,53
114739,41
116179,65
116659,53
119059,48
119539,60
121939,48
122419,53
123859,65
124339,60
124819,65
125299,60
125779,41
126259,60
126739,65
127219,60
127699,65
128179,60
128659,65
127699,65
128179,60
128659,65
128659,65
129139,41
129619,53
130099,41
131059,48
131539,60
132499,48
132979,41
132979,65
133459,41
133939,53
134419,41
134419,65
134899,41
135379,53
135859,41
135859,65
136339,65
136819,53
137299,65
137779,53
138259,48
138739,65
139219,65
139699,65
140179,60
140659,41
141139,48
141619,53
142099,65
142579,53
143059,48
143539,41
144019,48
144499,53
144979,48
145459,41
147859,48
148339,60
148819,41
149299,53
149779,65
148819,65
149299,41
149299,48
149779,60
149779,48
150259,65
150259,48
150739,41
151219,53
151699,65
152179,60
152659,65
152659,65
153139,53
154099,48
154579,60
155539,48
156019,48
156979,48
157459,60
158419,48
158899,60
158899,65
159379,41
159379,48
159859,65
158899,65
159379,65
159859,53
160339,41
160819,48
161299,65
161779,65
159379,65
159859,60
158419,48
158899,60
156499,65
156979,41
157459,53
157939,65
158419,65
158899,65
159379,48
159859,41
160339,60
160819,41
161299,53
161779,41
160339,48
160819,53
159379,48
159859,65
157459,65
157939,65
158419,53
158899,48
157459,48
157939,41
158419,53
158899,65
159379,60
159859,65
160339,48
157459,48
157939,48
154099,65
154579,65
149779,65
150259,41
145459,65
145939,65
142099,65
142579,65
139699,48
140179,60
140659,65
141139,60
141619,65
141619,48
142099,65
142579,53
143059,65
143059,65
143539,48
143539,65
144019,65
144499,53
144979,41
144979,65
145459,65
145459,65
145939,65
144979,65
145459,65
145459,65
145939,48
146899,48
147379,65
148339,48
148819,41
148819,65
149299,65
150259,48
150739,60
151219,65
150259,65
150739,65
149779,65
150259,53
150259,48
150739,53
149779,65
150259,60
150739,65
149779,65
150259,60
150739,65
150739,65
151219,60
151699,41
152179,53
152659,41
152659,48
153139,53
153139,48
153619,41
154579,48
155059,65
155539,60
156019,65
156019,65
156499,65
156979,53
157459,41
157459,48
157939,60
156979,65
157459,65
157939,60
158419,65
158419,48
158899,60
159379,65
158419,65
158899,60
159379,41
159379,65
159859,60
160339,65
160819,53
161299,41
161299,48
161779,60
160819,65
161299,53
161299,48
161779,60
160819,65
161299,65
161299,48
161779,41
160819,65
161299,60
161779,65
161779,65
162259,53
163219,48
163699,60
164179,41
164659,60
165139,41
166099,48
166579,48
167539,48
168019,41
168499,53
168979,65
168979,65
169459,65
170419,48
170899,65
171379,53
171859,48
172819,48
173299,53
174259,48
174739,48
175219,53
175699,48
176179,60
176659,65
177139,65
177619,65
178579,48
179059,48
179059,65
179539,53
179539,65
180019,60
180979,48
181459,53
182419,48
182899,60
183379,41
183379,65
183859,65
184339,53
184819,65
184819,48
185299,65
185779,60
186259,65
186739,53
187219,41
187219,48
187699,41
188659,48
189139,48
190099,48
190579,60
190579,65
191059,65
191539,60
192019,41
192019,65
192499,65
192979,53
193459,48
193939,53
194419,65
194899,65
195379,48
195859,60
196339,48
196819,41
198259,65
198739,48
200179,65
200659,65
203059,48
203539,60
204979,65
205459,60
205939,65
204979,65
205459,65
205939,60
206419,65
205459,65
205939,65
205939,48
206419,60
205459,65
205939,65
206419,48
206899,53
207379,48
207859,60
208339,48
208819,60
209299,48
209779,65
210259,65
210739,65
211219,53
211699,65
210739,65
211219,53
211219,48
211699,53
210739,65
211219,65
211699,48
212179,60
212659,48
213139,60
213619,48
214099,41
214579,53
215059,41
215539,53
216019,65
216499,53
216979,41
217459,48
217939,65
218419,53
218899,65
217939,65
218419,65
218899,60
219379,41
219859,60
220339,41
219379,65
219859,65
218899,65
219379,41
219859,53
220339,41
220819,53
221299,41
221779,60
222259,65
222739,65
223219,53
223699,48
224179,53
224659,48
223219,48
223699,53
221299,65
221779,65
219379,65
219859,65
220339,65
220819,48
221299,41
221779,60
222259,41
221299,65
221779,65
222259,53
222739,41
221779,65
222259,60
221299,65
221779,60
222259,41
222259,48
222739,41
223219,60
223699,65
224179,53
224659,41
225619,48
226099,41
226579,53
227059,65
227539,60
228019,65
228019,65
228499,60
228979,65
228019,65
228499,60
228499,48
228979,48
228979,48
229459,53
228499,65
228979,41
228979,48
229459,48
229459,48
229939,60
230419,65
230419,65
230899,60
230899,65
231379,60
232339,48
232819,65
232819,65
233299,41
233299,65
233779,60
233779,65
234259,65
234259,65
234739,60
235219,41
236179,48
236659,60
237619,48
238099,60
239059,48
239539,41
239539,65
240019,60
240979,48
241459,41
242419,48
242899,60
243859,48
244339,41
244339,65
244819,48
245779,48
246259,53
247219,48
247699,48
248179,41
248659,53
249139,41
249619,53
250099,41
251539,65
252019,65
252499,48
252979,60
253459,65
253939,53
254419,48
254899,41
256339,65
256819,60
257299,65
257299,48
257779,48
257779,48
258259,60
258739,41
259219,60
259699,65
259699,48
260179,48
259219,65
259699,48
258739,65
259219,48
259219,48
259699,48
258739,65
259219,60
259699,41
260179,53
260659,41
261139,53
261619,65
261619,48
262099,41
262099,48
262579,65
263059,60
263539,65
264019,53
264499,65
264499,65
264979,60
265459,65
264499,65
264979,48
264019,65
264499,41
264979,48
265459,65
265939,48
264499,48
264979,48
262579,65
263059,53
260659,65
261139,41
261619,53
262099,65
262579,53
263059,65
263539,65
264019,60
264499,65
261619,48
262099,41
262579,53
263059,41
259219,65
259699,41
255859,48
256339,48
252499,48
252979,60
248179,65
248659,53
244819,48
245299,41
240499,65
240979,60
236179,65
236659,60
237139,65
237619,53
238099,65
237139,65
237619,60
238099,65
237139,65
237619,65
236659,65
237139,41
237139,48
237619,41
237619,65
238099,60
238579,41
238579,65
239059,60
239539,41
240499,48
240979,60
240979,65
241459,41
241459,65
241939,41
242899,48
243379,53
244339,48
244819,41
244819,48
245299,48
245299,48
245779,53
244819,65
245299,48
245299,48
245779,53
245779,48
246259,65
246259,65
246739,53
247699,48
248179,48
249139,48
249619,48
250579,48
251059,60
251539,41
251539,48
252019,41
252979,48
253459,65
254419,48
254899,48
254899,65
255379,41
256339,48
256819,60
257299,41
257299,65
257779,60
258259,41
258259,48
258739,60
259219,41
259219,48
259699,53
258739,65
259219,60
259699,65
258739,65
259219,60
259219,48
259699,48
258739,65
259219,60
258259,65
258739,48
258739,48
259219,60
259699,65
260179,53
260659,41
260659,48
261139,60
261619,41
262579,48
263059,65
263539,53
264019,65
264499,65
264979,48
265459,41
267859,48
268339,41
268819,60
269299,41
271699,48
272179,65
272659,65
273139,48
273619,53
274099,65
276499,48
276979,60
278419,65
278899,65
279379,60
279859,65
280339,48
281299,48
281779,60
281779,65
282259,65
283219,48
283699,65
284179,53
284659,65
285139,65
285619,60
286099,65
286579,48
287059,60
287539,65
288499,48
288979,48
289459,65
289939,60
290419,41
290899,53
291379,65
291859,53
292339,41
292819,53
293299,65
293779,53
294259,65
294739,53
295219,41
297619,48
298099,65
298579,65
301459,65
301939,65
302419,53
302899,65
303379,65
304819,65
305299,48
307699,48
308179,60
308659,65
309139,53
309619,41
310099,53
310579,65
310579,65
311059,60
311539,65
312019,60
312499,65
312979,53
313459,65
313939,53
314419,65
314419,65
314899,48
314899,65
315379,41
316339,48
316819,65
317299,53
317779,48
318259,65
318739,65
318739,65
319219,41
319219,48
319699,53
318739,65
319219,65
319219,48
319699,41
320179,53
320659,41
321619,48
322099,48
323059,48
323539,48
324019,53
324499,65
325459,48
325939,48
325939,65
326419,53
327379,48
327859,53
328819,48
329299,53
329299,65
329779,65
330259,53
330739,48
331699,48
332179,48
332179,65
332659,60
333139,65
332179,65
332659,65
331699,65
332179,60
332659,41
332659,65
333139,60
333619,41
333619,48
334099,65
334099,65
334579,41
335059,53
335539,41
335539,65
336019,53
336019,65
336499,48
337459,48
337939,60
338419,65
338899,53
339379,65
339859,60
340339,41
341299,48
341779,48
341779,65
342259,65
343219,48
343699,65
344179,60
344659,48
345139,65
345619,48
346579,48
347059,60
347059,65
347539,60
348019,65
348499,60
348979,65
349459,53
349939,41
349939,65
350419,65
350899,53
351379,65
351859,60
352339,41
352339,48
352819,65
352819,65
353299,41
354259,48
354739,65
355219,53
355699,65
356659,48
357139,53
358099,48
358579,48
359059,53
359539,48
360499,48
360979,65
361459,53
361939,48
362419,65
362899,53
363379,65
364819,65
365299,41
367699,48
368179,65
368659,60
369139,65
369619,65
370099,60
370579,41
371059,53
371539,41
390740,0
391220,65
410421,0
410901,41
430102,0
430582,41
431062,60
431542,41
450743,0
451223,60
470424,0
470904,60
490105,0
490585,48
509786,0
510266,41
510746,48
511226,60
511706,65
512186,60
512666,65
513146,60
513626,48
514106,41
514586,48
515066,41
517946,65
518426,60
518906,65
517946,65
518426,60
518426,48
518906,65
519386,60
519866,65
520346,53
520826,65
520826,65
521306,53
521306,65
521786,53
521786,65
522266,65
522746,60
523226,65
523706,53
524186,48
