-1, 0
1920, 74
1920, 71
1920, 59
1920, 54
1920, 47
2400, 71
2400, 59
2640, 71
2640, 66
2640, 59
2640, 54
2640, 47
3120, 66
3120, 59
3360, 69
3360, 64
3360, 57
3360, 52
3360, 45
3840, 69
3840, 66
3840, 62
3840, 57
3840, 50
5760, 69
5760, 64
5760, 61
5760, 57
5760, 52
7680, 71
7680, 66
7680, 62
7680, 59
7680, 54
9600, 71
9600, 67
9600, 62
9600, 59
9600, 55
11520, 69
11520, 66
11520, 62
11520, 57
11520, 50
13440, 69
13440, 64
13440, 61
13440, 57
13440, 52
15360, 71
15360, 66
15360, 62
15360, 59
15360, 54
17280, 71
17280, 67
17280, 62
17280, 59
17280, 55
17760, 67
17760, 62
17760, 59
17760, 55
18240, 67
18240, 62
18240, 59
18240, 55
18720, 71
18720, 67
18720, 62
18720, 59
18720, 55
19200, 69
19200, 66
19200, 62
19200, 57
19200, 50
19680, 69
19680, 66
19680, 62
19680, 57
19920, 69
19920, 66
19920, 62
19920, 57
19920, 50
20160, 66
20160, 62
20160, 57
20400, 66
20400, 62
20400, 57
20400, 50
20640, 69
20640, 66
20640, 62
20640, 57
20640, 50
21120, 69
21120, 64
21120, 61
21120, 57
21120, 52
21600, 69
21600, 64
21600, 61
21600, 57
21840, 69
21840, 64
21840, 61
21840, 57
21840, 52
22080, 64
22080, 61
22080, 57
22080, 52
22320, 64
22320, 61
22320, 57
22320, 52
22560, 69
22560, 64
22560, 61
22560, 57
22560, 52
23040, 71
23040, 66
23040, 62
23040, 59
23040, 54
23520, 71
23520, 66
23520, 62
23520, 59
23760, 71
23760, 66
23760, 62
23760, 59
23760, 54
24000, 66
24000, 62
24000, 59
24000, 54
24240, 66
24240, 62
24240, 59
24240, 54
24480, 71
24480, 66
24480, 62
24480, 59
24480, 54
24960, 71
24960, 67
24960, 62
24960, 59
24960, 55
25440, 71
25440, 67
25440, 62
25440, 59
25680, 71
25680, 67
25680, 62
25680, 59
25680, 55
25920, 67
25920, 62
25920, 59
25920, 55
26160, 67
26160, 62
26160, 59
26160, 55
26400, 71
26400, 67
26400, 62
26400, 59
26400, 55
26880, 69
26880, 66
26880, 62
26880, 57
26880, 50
27360, 69
27360, 66
27360, 62
27360, 57
27600, 69
27600, 66
27600, 62
27600, 57
27600, 50
27840, 66
27840, 62
27840, 57
28080, 66
28080, 62
28080, 57
28080, 50
28320, 69
28320, 66
28320, 62
28320, 57
28320, 50
28800, 69
28800, 64
28800, 61
28800, 57
28800, 52
29280, 69
29280, 64
29280, 61
29280, 57
29520, 69
29520, 64
29520, 61
29520, 57
29520, 52
29760, 64
29760, 61
29760, 57
29760, 52
30000, 64
30000, 61
30000, 57
30000, 52
30240, 69
30240, 64
30240, 61
30240, 57
30240, 52
30720, 71
30720, 66
30720, 62
30720, 59
30720, 54
31200, 71
31200, 66
31200, 62
31200, 59
31440, 71
31440, 66
31440, 62
31440, 59
31440, 54
31680, 66
31680, 62
31680, 59
31680, 54
31920, 66
31920, 62
31920, 59
31920, 54
32160, 71
32160, 66
32160, 62
32160, 59
32160, 54
32640, 71
32640, 67
32640, 62
32640, 59
32640, 55
33120, 71
33120, 67
33120, 62
33120, 59
33360, 71
33360, 67
33360, 62
33360, 59
33360, 55
33600, 67
33600, 62
33600, 59
33600, 55
33840, 67
33840, 62
33840, 59
33840, 55
34080, 71
34080, 67
34080, 62
34080, 59
34080, 55
34560, 69
34560, 66
34560, 62
34560, 57
34560, 50
35040, 69
35040, 66
35040, 62
35040, 57
35280, 69
35280, 66
35280, 62
35280, 57
35280, 50
35520, 66
35520, 62
35520, 57
35760, 66
35760, 62
35760, 57
35760, 50
36000, 69
36000, 66
36000, 62
36000, 57
36000, 50
36480, 69
36480, 64
36480, 61
36480, 57
36480, 52
36960, 69
36960, 64
36960, 61
36960, 57
37200, 69
37200, 64
37200, 61
37200, 57
37200, 52
37440, 64
37440, 61
37440, 57
37440, 52
37680, 64
37680, 61
37680, 57
37680, 52
37920, 69
37920, 64
37920, 61
37920, 57
37920, 52
38400, 71
38400, 67
38400, 64
38400, 59
38400, 55
38880, 71
38880, 67
38880, 64
38880, 59
39120, 71
39120, 67
39120, 64
39120, 59
39120, 55
39360, 67
39360, 64
39360, 59
39360, 55
39600, 67
39600, 64
39600, 59
39600, 55
39840, 71
39840, 67
39840, 64
39840, 59
39840, 55
40320, 71
40320, 67
40320, 62
40320, 59
40320, 55
40800, 71
40800, 67
40800, 62
40800, 59
41040, 71
41040, 67
41040, 62
41040, 59
41040, 55
41280, 67
41280, 62
41280, 59
41280, 55
41520, 67
41520, 62
41520, 59
41520, 55
41760, 71
41760, 67
41760, 62
41760, 59
41760, 55
42240, 69
42240, 66
42240, 62
42240, 57
42240, 50
42720, 69
42720, 66
42720, 62
42720, 57
42960, 69
42960, 66
42960, 62
42960, 57
42960, 50
43200, 66
43200, 62
43200, 57
43440, 66
43440, 62
43440, 57
43440, 50
43680, 69
43680, 66
43680, 62
43680, 57
43680, 50
44160, 69
44160, 64
44160, 61
44160, 57
44160, 52
44640, 69
44640, 64
44640, 61
44640, 57
44880, 69
44880, 64
44880, 61
44880, 57
44880, 52
45120, 64
45120, 61
45120, 57
45120, 52
45360, 64
45360, 61
45360, 57
45360, 52
45600, 69
45600, 64
45600, 61
45600, 57
45600, 52
46080, 71
46080, 67
46080, 64
46080, 59
46080, 55
46560, 71
46560, 67
46560, 64
46560, 59
46800, 71
46800, 67
46800, 64
46800, 59
46800, 55
47040, 67
47040, 64
47040, 59
47040, 55
47280, 67
47280, 64
47280, 59
47280, 55
47520, 71
47520, 67
47520, 64
47520, 59
47520, 55
48000, 71
48000, 67
48000, 62
48000, 59
48000, 55
48480, 71
48480, 67
48480, 62
48480, 59
48720, 71
48720, 67
48720, 62
48720, 59
48720, 55
48960, 67
48960, 62
48960, 59
48960, 55
49200, 67
49200, 62
49200, 59
49200, 55
49440, 71
49440, 67
49440, 62
49440, 59
49440, 55
49920, 69
49920, 66
49920, 62
49920, 57
49920, 50
50400, 69
50400, 66
50400, 62
50400, 57
50640, 69
50640, 66
50640, 62
50640, 57
50640, 50
50880, 66
50880, 62
50880, 57
51120, 66
51120, 62
51120, 57
51120, 50
51360, 69
51360, 66
51360, 62
51360, 57
51360, 50
51840, 69
51840, 64
51840, 61
51840, 57
51840, 52
52320, 69
52320, 64
52320, 61
52320, 57
52560, 69
52560, 64
52560, 61
52560, 57
52560, 52
52800, 64
52800, 61
52800, 57
52800, 52
53040, 64
53040, 61
53040, 57
53040, 52
53280, 69
53280, 64
53280, 61
53280, 57
53280, 52
53760, 71
53760, 67
53760, 64
53760, 59
53760, 55
54240, 71
54240, 67
54240, 64
54240, 59
54480, 71
54480, 67
54480, 64
54480, 59
54480, 55
54720, 67
54720, 64
54720, 59
54720, 55
54960, 67
54960, 64
54960, 59
54960, 55
55200, 71
55200, 67
55200, 64
55200, 59
55200, 55
55680, 71
55680, 67
55680, 62
55680, 59
55680, 55
56160, 71
56160, 67
56160, 62
56160, 59
56400, 71
56400, 67
56400, 62
56400, 59
56400, 55
56640, 67
56640, 62
56640, 59
56640, 55
56880, 67
56880, 62
56880, 59
56880, 55
57120, 71
57120, 67
57120, 62
57120, 59
57120, 55
57600, 69
57600, 66
57600, 62
57600, 57
57600, 50
58080, 69
58080, 66
58080, 62
58080, 57
58320, 69
58320, 66
58320, 62
58320, 57
58320, 50
58560, 66
58560, 62
58560, 57
58800, 66
58800, 62
58800, 57
58800, 50
59040, 69
59040, 66
59040, 62
59040, 57
59040, 50
59520, 69
59520, 64
59520, 61
59520, 57
59520, 52
60000, 69
60000, 64
60000, 61
60000, 57
60240, 69
60240, 64
60240, 61
60240, 57
60240, 52
60480, 64
60480, 61
60480, 57
60480, 52
60720, 64
60720, 61
60720, 57
60720, 52
60960, 69
60960, 64
60960, 61
60960, 57
60960, 52
61440, 71
61440, 67
61440, 62
61440, 59
61440, 55
61920, 71
61920, 67
61920, 62
61920, 59
62160, 71
62160, 67
62160, 62
62160, 59
62160, 55
62400, 67
62400, 62
62400, 59
62400, 55
62640, 67
62640, 62
62640, 59
62640, 55
62880, 71
62880, 67
62880, 62
62880, 59
62880, 55
63360, 71
63360, 67
63360, 62
63360, 59
63360, 55
64320, 69
64320, 66
64320, 62
64320, 57
64320, 50
65280, 71
65280, 67
65280, 64
65280, 59
65280, 55
65760, 71
65760, 67
65760, 64
65760, 59
66000, 71
66000, 67
66000, 64
66000, 59
66000, 55
66240, 67
66240, 64
66240, 59
66240, 55
66480, 67
66480, 64
66480, 59
66480, 55
66720, 71
66720, 67
66720, 64
66720, 59
66720, 55
67440, 71
67440, 67
67440, 64
67440, 59
67680, 71
67680, 67
67680, 64
67680, 59
67680, 55
68160, 67
68160, 64
68160, 59
68160, 55
68400, 71
68400, 67
68400, 64
68400, 59
68400, 55
69120, 71
69120, 66
69120, 62
69120, 59
69120, 54
69600, 71
69600, 66
69600, 62
69600, 59
69840, 71
69840, 66
69840, 62
69840, 59
69840, 54
70080, 66
70080, 62
70080, 59
70080, 54
70320, 66
70320, 62
70320, 59
70320, 54
70560, 69
70560, 64
70560, 61
70560, 57
70560, 52
71040, 64
71040, 61
71040, 57
71040, 52
71280, 69
71280, 64
71280, 61
71280, 57
71520, 69
71520, 64
71520, 61
71520, 57
71520, 52
72000, 64
72000, 61
72000, 57
72000, 52
72240, 69
72240, 64
72240, 61
72240, 57
72240, 52
72960, 71
72960, 67
72960, 62
72960, 59
72960, 55
73440, 71
73440, 67
73440, 62
73440, 59
73680, 71
73680, 67
73680, 62
73680, 59
73680, 55
73920, 67
73920, 62
73920, 59
73920, 55
74160, 67
74160, 62
74160, 59
74160, 55
74400, 71
74400, 67
74400, 62
74400, 59
74400, 55
74880, 71
74880, 67
74880, 62
74880, 59
74880, 55
75360, 71
75360, 67
75360, 62
75360, 59
75600, 71
75600, 67
75600, 62
75600, 59
75600, 55
75840, 67
75840, 62
75840, 59
75840, 55
76080, 67
76080, 62
76080, 59
76080, 55
76320, 71
76320, 67
76320, 62
76320, 59
76320, 55
76800, 69
76800, 64
76800, 61
76800, 57
76800, 52
77280, 69
77280, 64
77280, 61
77280, 57
77520, 69
77520, 64
77520, 61
77520, 57
77520, 52
77760, 64
77760, 61
77760, 57
77760, 52
78000, 64
78000, 61
78000, 57
78000, 52
78240, 69
78240, 64
78240, 61
78240, 57
78240, 52
79200, 69
79200, 64
79200, 61
79200, 57
79200, 52
80160, 69
80160, 64
80160, 61
80160, 57
80160, 52
80640, 69
80640, 66
80640, 62
80640, 57
80640, 50
82560, 69
82560, 64
82560, 61
82560, 57
82560, 52
84480, 71
84480, 66
84480, 62
84480, 59
84480, 54
84960, 71
84960, 66
84960, 62
84960, 59
85200, 71
85200, 66
85200, 62
85200, 59
85200, 54
85440, 66
85440, 62
85440, 59
85440, 54
85680, 66
85680, 62
85680, 59
85680, 54
85920, 71
85920, 66
85920, 62
85920, 59
85920, 54
86400, 71
86400, 67
86400, 62
86400, 59
86400, 55
86880, 71
86880, 67
86880, 62
86880, 59
87120, 71
87120, 67
87120, 62
87120, 59
87120, 55
87360, 67
87360, 62
87360, 59
87360, 55
87600, 67
87600, 62
87600, 59
87600, 55
87840, 71
87840, 67
87840, 62
87840, 59
87840, 55
88320, 69
88320, 66
88320, 62
88320, 57
88320, 50
88800, 69
88800, 66
88800, 62
88800, 57
89040, 69
89040, 66
89040, 62
89040, 57
89040, 50
89280, 66
89280, 62
89280, 57
89520, 66
89520, 62
89520, 57
89520, 50
89760, 69
89760, 66
89760, 62
89760, 57
89760, 50
90240, 69
90240, 64
90240, 61
90240, 57
90240, 52
90720, 69
90720, 64
90720, 61
90720, 57
90960, 69
90960, 64
90960, 61
90960, 57
90960, 52
91200, 64
91200, 61
91200, 57
91200, 52
91440, 64
91440, 61
91440, 57
91440, 52
91680, 69
91680, 64
91680, 61
91680, 57
91680, 52
92160, 71
92160, 66
92160, 62
92160, 59
92160, 54
92640, 71
92640, 66
92640, 62
92640, 59
92880, 71
92880, 66
92880, 62
92880, 59
92880, 54
93120, 66
93120, 62
93120, 59
93120, 54
93360, 66
93360, 62
93360, 59
93360, 54
93600, 71
93600, 66
93600, 62
93600, 59
93600, 54
94080, 71
94080, 67
94080, 62
94080, 59
94080, 55
94560, 71
94560, 67
94560, 62
94560, 59
94800, 71
94800, 67
94800, 62
94800, 59
94800, 55
95040, 67
95040, 62
95040, 59
95040, 55
95280, 67
95280, 62
95280, 59
95280, 55
95520, 71
95520, 67
95520, 62
95520, 59
95520, 55
96000, 69
96000, 66
96000, 62
96000, 57
96000, 50
96480, 69
96480, 66
96480, 62
96480, 57
96720, 69
96720, 66
96720, 62
96720, 57
96720, 50
96960, 66
96960, 62
96960, 57
97200, 66
97200, 62
97200, 57
97200, 50
97440, 69
97440, 66
97440, 62
97440, 57
97440, 50
97920, 69
97920, 64
97920, 61
97920, 57
97920, 52
98400, 69
98400, 64
98400, 61
98400, 57
98640, 69
98640, 64
98640, 61
98640, 57
98640, 52
98880, 64
98880, 61
98880, 57
98880, 52
99120, 64
99120, 61
99120, 57
99120, 52
99360, 69
99360, 64
99360, 61
99360, 57
99360, 52
99840, 71
99840, 66
99840, 62
99840, 59
99840, 54
100320, 71
100320, 66
100320, 62
100320, 59
100560, 71
100560, 66
100560, 62
100560, 59
100560, 54
100800, 66
100800, 62
100800, 59
100800, 54
101040, 66
101040, 62
101040, 59
101040, 54
101280, 71
101280, 66
101280, 62
101280, 59
101280, 54
101760, 71
101760, 67
101760, 62
101760, 59
101760, 55
102240, 71
102240, 67
102240, 62
102240, 59
102480, 71
102480, 67
102480, 62
102480, 59
102480, 55
102720, 67
102720, 62
102720, 59
102720, 55
102960, 67
102960, 62
102960, 59
102960, 55
103200, 71
103200, 67
103200, 62
103200, 59
103200, 55
103680, 69
103680, 66
103680, 62
103680, 57
103680, 50
104160, 69
104160, 66
104160, 62
104160, 57
104400, 69
104400, 66
104400, 62
104400, 57
104400, 50
104640, 66
104640, 62
104640, 57
104880, 66
104880, 62
104880, 57
104880, 50
105120, 69
105120, 66
105120, 62
105120, 57
105120, 50
105600, 69
105600, 64
105600, 61
105600, 57
105600, 52
106080, 69
106080, 64
106080, 61
106080, 57
106320, 69
106320, 64
106320, 61
106320, 57
106320, 52
106560, 64
106560, 61
106560, 57
106560, 52
106800, 64
106800, 61
106800, 57
106800, 52
107040, 69
107040, 64
107040, 61
107040, 57
107040, 52
107520, 71
107520, 66
107520, 62
107520, 59
107520, 54
108000, 71
108000, 66
108000, 62
108000, 59
108240, 71
108240, 66
108240, 62
108240, 59
108240, 54
108480, 66
108480, 62
108480, 59
108480, 54
108720, 66
108720, 62
108720, 59
108720, 54
108960, 71
108960, 66
108960, 62
108960, 59
108960, 54
109440, 71
109440, 67
109440, 62
109440, 59
109440, 55
109920, 67
109920, 62
109920, 59
109920, 55
110400, 71
110400, 67
110400, 62
110400, 59
110400, 55
110880, 71
110880, 67
110880, 62
110880, 59
110880, 55
111360, 69
111360, 66
111360, 62
111360, 57
111360, 50
111840, 69
111840, 66
111840, 62
111840, 57
112080, 69
112080, 66
112080, 62
112080, 57
112080, 50
112320, 66
112320, 62
112320, 57
112560, 66
112560, 62
112560, 57
112560, 50
112800, 69
112800, 66
112800, 62
112800, 57
112800, 50
113280, 69
113280, 64
113280, 61
113280, 57
113280, 52
113760, 69
113760, 64
113760, 61
113760, 57
114000, 69
114000, 64
114000, 61
114000, 57
114000, 52
114240, 64
114240, 61
114240, 57
114240, 52
114480, 64
114480, 61
114480, 57
114480, 52
114720, 69
114720, 64
114720, 61
114720, 57
114720, 52
115200, 71
115200, 66
115200, 62
115200, 59
115200, 54
115680, 71
115680, 66
115680, 62
115680, 59
115920, 71
115920, 66
115920, 62
115920, 59
115920, 54
116160, 66
116160, 62
116160, 59
116160, 54
116400, 66
116400, 62
116400, 59
116400, 54
116640, 71
116640, 66
116640, 62
116640, 59
116640, 54
117120, 71
117120, 67
117120, 62
117120, 59
117120, 55
117600, 71
117600, 67
117600, 62
117600, 59
117840, 71
117840, 67
117840, 62
117840, 59
117840, 55
118080, 67
118080, 62
118080, 59
118080, 55
118320, 67
118320, 62
118320, 59
118320, 55
118560, 71
118560, 67
118560, 62
118560, 59
118560, 55
119040, 69
119040, 66
119040, 62
119040, 57
119040, 50
119520, 69
119520, 66
119520, 62
119520, 57
119760, 69
119760, 66
119760, 62
119760, 57
119760, 50
120000, 66
120000, 62
120000, 57
120240, 66
120240, 62
120240, 57
120240, 50
120480, 69
120480, 66
120480, 62
120480, 57
120480, 50
120960, 69
120960, 64
120960, 61
120960, 57
120960, 52
121440, 69
121440, 64
121440, 61
121440, 57
121680, 69
121680, 64
121680, 61
121680, 57
121680, 52
121920, 64
121920, 61
121920, 57
121920, 52
122160, 64
122160, 61
122160, 57
122160, 52
122400, 69
122400, 64
122400, 61
122400, 57
122400, 52
122880, 71
122880, 66
122880, 62
122880, 59
122880, 54
123360, 71
123360, 66
123360, 62
123360, 59
123600, 71
123600, 66
123600, 62
123600, 59
123600, 54
123840, 66
123840, 62
123840, 59
123840, 54
124080, 66
124080, 62
124080, 59
124080, 54
124320, 71
124320, 66
124320, 62
124320, 59
124320, 54
124800, 71
124800, 67
124800, 62
124800, 59
124800, 55
125280, 71
125280, 67
125280, 62
125280, 59
125520, 71
125520, 67
125520, 62
125520, 59
125520, 55
125760, 67
125760, 62
125760, 59
125760, 55
126000, 67
126000, 62
126000, 59
126000, 55
126240, 71
126240, 67
126240, 62
126240, 59
126240, 55
126720, 69
126720, 66
126720, 62
126720, 57
126720, 50
127200, 69
127200, 66
127200, 62
127200, 57
127440, 69
127440, 66
127440, 62
127440, 57
127440, 50
127680, 66
127680, 62
127680, 57
127920, 66
127920, 62
127920, 57
127920, 50
128160, 69
128160, 66
128160, 62
128160, 57
128160, 50
128640, 69
128640, 64
128640, 61
128640, 57
128640, 52
129120, 69
129120, 64
129120, 61
129120, 57
129360, 69
129360, 64
129360, 61
129360, 57
129360, 52
129600, 64
129600, 61
129600, 57
129600, 52
129840, 64
129840, 61
129840, 57
129840, 52
130080, 69
130080, 64
130080, 61
130080, 57
130080, 52
130560, 71
130560, 67
130560, 64
130560, 59
130560, 55
131040, 71
131040, 67
131040, 64
131040, 59
131280, 71
131280, 67
131280, 64
131280, 59
131280, 55
131520, 67
131520, 64
131520, 59
131520, 55
131760, 67
131760, 64
131760, 59
131760, 55
132000, 71
132000, 67
132000, 64
132000, 59
132000, 55
132480, 71
132480, 67
132480, 62
132480, 59
132480, 55
132960, 71
132960, 67
132960, 62
132960, 59
133200, 71
133200, 67
133200, 62
133200, 59
133200, 55
133440, 67
133440, 62
133440, 59
133440, 55
133680, 67
133680, 62
133680, 59
133680, 55
133920, 71
133920, 67
133920, 62
133920, 59
133920, 55
134400, 69
134400, 66
134400, 62
134400, 57
134400, 50
134880, 69
134880, 66
134880, 62
134880, 57
135120, 69
135120, 66
135120, 62
135120, 57
135120, 50
135360, 66
135360, 62
135360, 57
135600, 66
135600, 62
135600, 57
135600, 50
135840, 69
135840, 66
135840, 62
135840, 57
135840, 50
136320, 69
136320, 64
136320, 61
136320, 57
136320, 52
136800, 69
136800, 64
136800, 61
136800, 57
137040, 69
137040, 64
137040, 61
137040, 57
137040, 52
137280, 64
137280, 61
137280, 57
137280, 52
137520, 64
137520, 61
137520, 57
137520, 52
137760, 69
137760, 64
137760, 61
137760, 57
137760, 52
138240, 71
138240, 67
138240, 64
138240, 59
138240, 55
138720, 71
138720, 67
138720, 64
138720, 59
138960, 71
138960, 67
138960, 64
138960, 59
138960, 55
139200, 67
139200, 64
139200, 59
139200, 55
139440, 67
139440, 64
139440, 59
139440, 55
139680, 71
139680, 67
139680, 64
139680, 59
139680, 55
140160, 71
140160, 67
140160, 62
140160, 59
140160, 55
140640, 71
140640, 67
140640, 62
140640, 59
140880, 71
140880, 67
140880, 62
140880, 59
140880, 55
141120, 67
141120, 62
141120, 59
141120, 55
141360, 67
141360, 62
141360, 59
141360, 55
141600, 71
141600, 67
141600, 62
141600, 59
141600, 55
142080, 69
142080, 66
142080, 62
142080, 57
142080, 50
142560, 69
142560, 66
142560, 62
142560, 57
142800, 69
142800, 66
142800, 62
142800, 57
142800, 50
143040, 66
143040, 62
143040, 57
143280, 66
143280, 62
143280, 57
143280, 50
143520, 69
143520, 66
143520, 62
143520, 57
143520, 50
144000, 69
144000, 64
144000, 61
144000, 57
144000, 52
144480, 69
144480, 64
144480, 61
144480, 57
144720, 69
144720, 64
144720, 61
144720, 57
144720, 52
144960, 64
144960, 61
144960, 57
144960, 52
145200, 64
145200, 61
145200, 57
145200, 52
145440, 69
145440, 64
145440, 61
145440, 57
145440, 52
145920, 71
145920, 67
145920, 64
145920, 59
145920, 55
146400, 71
146400, 67
146400, 64
146400, 59
146640, 71
146640, 67
146640, 64
146640, 59
146640, 55
146880, 67
146880, 64
146880, 59
146880, 55
147120, 67
147120, 64
147120, 59
147120, 55
147360, 71
147360, 67
147360, 64
147360, 59
147360, 55
147840, 71
147840, 67
147840, 62
147840, 59
147840, 55
148320, 71
148320, 67
148320, 62
148320, 59
148560, 71
148560, 67
148560, 62
148560, 59
148560, 55
148800, 67
148800, 62
148800, 59
148800, 55
149040, 67
149040, 62
149040, 59
149040, 55
149280, 71
149280, 67
149280, 62
149280, 59
149280, 55
149760, 69
149760, 66
149760, 62
149760, 57
149760, 50
150240, 69
150240, 66
150240, 62
150240, 57
150480, 69
150480, 66
150480, 62
150480, 57
150480, 50
150720, 66
150720, 62
150720, 57
150960, 66
150960, 62
150960, 57
150960, 50
151200, 69
151200, 66
151200, 62
151200, 57
151200, 50
151680, 69
151680, 64
151680, 61
151680, 57
151680, 52
152160, 69
152160, 64
152160, 61
152160, 57
152400, 69
152400, 64
152400, 61
152400, 57
152400, 52
152640, 64
152640, 61
152640, 57
152640, 52
152880, 64
152880, 61
152880, 57
152880, 52
153120, 69
153120, 64
153120, 61
153120, 57
153120, 52
153600, 71
153600, 67
153600, 62
153600, 59
153600, 55
154080, 71
154080, 67
154080, 62
154080, 59
154320, 71
154320, 67
154320, 62
154320, 59
154320, 55
154560, 67
154560, 62
154560, 59
154560, 55
154800, 67
154800, 62
154800, 59
154800, 55
155040, 71
155040, 67
155040, 62
155040, 59
155040, 55
155520, 71
155520, 67
155520, 62
155520, 59
155520, 55
156480, 69
156480, 66
156480, 62
156480, 57
156480, 50
157440, 71
157440, 67
157440, 64
157440, 59
157440, 55
157920, 71
157920, 67
157920, 64
157920, 59
158160, 71
158160, 67
158160, 64
158160, 59
158160, 55
158400, 67
158400, 64
158400, 59
158400, 55
158640, 67
158640, 64
158640, 59
158640, 55
158880, 71
158880, 67
158880, 64
158880, 59
158880, 55
159600, 71
159600, 67
159600, 64
159600, 59
159840, 71
159840, 67
159840, 64
159840, 59
159840, 55
160320, 67
160320, 64
160320, 59
160320, 55
160560, 71
160560, 67
160560, 64
160560, 59
160560, 55
161280, 71
161280, 66
161280, 62
161280, 59
161280, 54
161760, 71
161760, 66
161760, 62
161760, 59
162000, 71
162000, 66
162000, 62
162000, 59
162000, 54
162240, 66
162240, 62
162240, 59
162240, 54
162480, 66
162480, 62
162480, 59
162480, 54
162720, 69
162720, 64
162720, 61
162720, 57
162720, 52
163200, 64
163200, 61
163200, 57
163200, 52
163440, 69
163440, 64
163440, 61
163440, 57
163680, 69
163680, 64
163680, 61
163680, 57
163680, 52
164160, 64
164160, 61
164160, 57
164160, 52
164400, 69
164400, 64
164400, 61
164400, 57
164400, 52
165120, 71
165120, 67
165120, 62
165120, 59
165120, 55
165600, 71
165600, 67
165600, 62
165600, 59
165840, 71
165840, 67
165840, 62
165840, 59
165840, 55
166080, 67
166080, 62
166080, 59
166080, 55
166320, 67
166320, 62
166320, 59
166320, 55
166560, 71
166560, 67
166560, 62
166560, 59
166560, 55
167040, 71
167040, 67
167040, 62
167040, 59
167040, 55
167520, 71
167520, 67
167520, 62
167520, 59
167760, 71
167760, 67
167760, 62
167760, 59
167760, 55
168000, 67
168000, 62
168000, 59
168000, 55
168240, 67
168240, 62
168240, 59
168240, 55
168480, 71
168480, 67
168480, 62
168480, 59
168480, 55
168960, 69
168960, 64
168960, 61
168960, 57
168960, 52
169440, 69
169440, 64
169440, 61
169440, 57
169680, 69
169680, 64
169680, 61
169680, 57
169680, 52
169920, 64
169920, 61
169920, 57
169920, 52
170160, 64
170160, 61
170160, 57
170160, 52
170400, 69
170400, 64
170400, 61
170400, 57
170400, 52
171360, 69
171360, 64
171360, 61
171360, 57
171360, 52
172320, 69
172320, 64
172320, 61
172320, 57
172320, 52
172800, 69
172800, 66
172800, 62
172800, 57
172800, 50
174720, 69
174720, 64
174720, 61
174720, 57
174720, 52
176640, 71
176640, 66
176640, 62
176640, 59
176640, 54
177120, 71
177120, 66
177120, 62
177120, 59
177360, 71
177360, 66
177360, 62
177360, 59
177360, 54
177600, 66
177600, 62
177600, 59
177600, 54
177840, 66
177840, 62
177840, 59
177840, 54
178080, 71
178080, 66
178080, 62
178080, 59
178080, 54
178560, 71
178560, 67
178560, 62
178560, 59
178560, 55
179040, 71
179040, 67
179040, 62
179040, 59
179280, 71
179280, 67
179280, 62
179280, 59
179280, 55
179520, 67
179520, 62
179520, 59
179520, 55
179760, 67
179760, 62
179760, 59
179760, 55
180000, 71
180000, 67
180000, 62
180000, 59
180000, 55
180480, 69
180480, 66
180480, 62
180480, 57
180480, 50
180960, 69
180960, 66
180960, 62
180960, 57
181200, 69
181200, 66
181200, 62
181200, 57
181200, 50
181440, 66
181440, 62
181440, 57
181680, 66
181680, 62
181680, 57
181680, 50
181920, 69
181920, 66
181920, 62
181920, 57
181920, 50
182400, 69
182400, 64
182400, 61
182400, 57
182400, 52
182880, 69
182880, 64
182880, 61
182880, 57
183120, 69
183120, 64
183120, 61
183120, 57
183120, 52
183360, 64
183360, 61
183360, 57
183360, 52
183600, 64
183600, 61
183600, 57
183600, 52
183840, 69
183840, 64
183840, 61
183840, 57
183840, 52
184320, 71
184320, 66
184320, 62
184320, 59
184320, 54
184800, 71
184800, 66
184800, 62
184800, 59
185040, 71
185040, 66
185040, 62
185040, 59
185040, 54
185280, 66
185280, 62
185280, 59
185280, 54
185520, 66
185520, 62
185520, 59
185520, 54
185760, 71
185760, 66
185760, 62
185760, 59
185760, 54
186240, 71
186240, 67
186240, 62
186240, 59
186240, 55
186720, 71
186720, 67
186720, 62
186720, 59
186960, 71
186960, 67
186960, 62
186960, 59
186960, 55
187200, 67
187200, 62
187200, 59
187200, 55
187440, 67
187440, 62
187440, 59
187440, 55
187680, 71
187680, 67
187680, 62
187680, 59
187680, 55
188160, 69
188160, 66
188160, 62
188160, 57
188160, 50
188640, 69
188640, 66
188640, 62
188640, 57
188880, 69
188880, 66
188880, 62
188880, 57
188880, 50
189120, 66
189120, 62
189120, 57
189360, 66
189360, 62
189360, 57
189360, 50
189600, 69
189600, 66
189600, 62
189600, 57
189600, 50
190080, 69
190080, 64
190080, 61
190080, 57
190080, 52
190560, 69
190560, 64
190560, 61
190560, 57
190800, 69
190800, 64
190800, 61
190800, 57
190800, 52
191040, 64
191040, 61
191040, 57
191040, 52
191280, 64
191280, 61
191280, 57
191280, 52
191520, 69
191520, 64
191520, 61
191520, 57
191520, 52
192000, 71
192000, 66
192000, 62
192000, 59
192000, 54
192480, 71
192480, 66
192480, 62
192480, 59
192720, 71
192720, 66
192720, 62
192720, 59
192720, 54
192960, 66
192960, 62
192960, 59
192960, 54
193200, 66
193200, 62
193200, 59
193200, 54
193440, 71
193440, 66
193440, 62
193440, 59
193440, 54
193920, 71
193920, 67
193920, 62
193920, 59
193920, 55
194400, 71
194400, 67
194400, 62
194400, 59
194640, 71
194640, 67
194640, 62
194640, 59
194640, 55
194880, 67
194880, 62
194880, 59
194880, 55
195120, 67
195120, 62
195120, 59
195120, 55
195360, 71
195360, 67
195360, 62
195360, 59
195360, 55
195840, 69
195840, 66
195840, 62
195840, 57
195840, 50
196320, 69
196320, 66
196320, 62
196320, 57
196560, 69
196560, 66
196560, 62
196560, 57
196560, 50
196800, 66
196800, 62
196800, 57
197040, 66
197040, 62
197040, 57
197040, 50
197280, 69
197280, 66
197280, 62
197280, 57
197280, 50
197760, 69
197760, 64
197760, 61
197760, 57
197760, 52
198240, 69
198240, 64
198240, 61
198240, 57
198480, 69
198480, 64
198480, 61
198480, 57
198480, 52
198720, 64
198720, 61
198720, 57
198720, 52
198960, 64
198960, 61
198960, 57
198960, 52
199200, 69
199200, 64
199200, 61
199200, 57
199200, 52
199680, 71
199680, 66
199680, 62
199680, 59
199680, 54
200160, 71
200160, 66
200160, 62
200160, 59
200400, 71
200400, 66
200400, 62
200400, 59
200400, 54
200640, 66
200640, 62
200640, 59
200640, 54
200880, 66
200880, 62
200880, 59
200880, 54
201120, 71
201120, 66
201120, 62
201120, 59
201120, 54
201600, 71
201600, 67
201600, 62
201600, 59
201600, 55
202080, 67
202080, 62
202080, 59
202080, 55
202560, 71
202560, 67
202560, 62
202560, 59
202560, 55
203040, 71
203040, 67
203040, 62
203040, 59
203040, 55
203520, 69
203520, 66
203520, 62
203520, 57
203520, 50
215040, 71
215040, 66
215040, 62
215040, 59
215040, 54
215280, 62
215280, 59
215280, 54
215520, 66
215520, 62
215520, 59
215520, 54
215760, 66
215760, 62
215760, 59
215760, 54
216000, 66
216000, 62
216000, 59
216000, 54
216240, 66
216240, 62
216240, 59
216240, 54
216480, 71
216480, 67
216480, 62
216480, 59
216480, 55
218880, 69
218880, 66
218880, 62
218880, 57
218880, 50
219360, 69
219360, 66
219360, 62
219360, 57
219600, 69
219600, 66
219600, 62
219600, 57
219600, 50
219840, 66
219840, 62
219840, 57
220080, 66
220080, 62
220080, 57
220080, 50
220320, 69
220320, 66
220320, 62
220320, 57
220320, 50
220800, 69
220800, 64
220800, 61
220800, 57
220800, 52
221280, 69
221280, 64
221280, 61
221280, 57
221520, 69
221520, 64
221520, 61
221520, 57
221520, 52
221760, 64
221760, 61
221760, 57
221760, 52
222000, 64
222000, 61
222000, 57
222000, 52
222240, 69
222240, 64
222240, 61
222240, 57
222240, 52
222720, 71
222720, 66
222720, 62
222720, 59
222720, 54
223200, 71
223200, 66
223200, 62
223200, 59
223440, 71
223440, 66
223440, 62
223440, 59
223440, 54
223680, 66
223680, 62
223680, 59
223680, 54
223920, 66
223920, 62
223920, 59
223920, 54
224160, 71
224160, 66
224160, 62
224160, 59
224160, 54
224640, 71
224640, 67
224640, 62
224640, 59
224640, 55
225120, 71
225120, 67
225120, 62
225120, 59
225360, 71
225360, 67
225360, 62
225360, 59
225360, 55
225600, 67
225600, 62
225600, 59
225600, 55
225840, 67
225840, 62
225840, 59
225840, 55
226080, 71
226080, 67
226080, 62
226080, 59
226080, 55
226560, 69
226560, 66
226560, 62
226560, 57
226560, 50
227040, 69
227040, 66
227040, 62
227040, 57
227280, 69
227280, 66
227280, 62
227280, 57
227280, 50
227520, 66
227520, 62
227520, 57
227760, 66
227760, 62
227760, 57
227760, 50
228000, 69
228000, 66
228000, 62
228000, 57
228000, 50
228480, 69
228480, 64
228480, 61
228480, 57
228480, 52
228960, 69
228960, 64
228960, 61
228960, 57
229200, 69
229200, 64
229200, 61
229200, 57
229200, 52
229440, 64
229440, 61
229440, 57
229440, 52
229680, 64
229680, 61
229680, 57
229680, 52
229920, 69
229920, 64
229920, 61
229920, 57
229920, 52
230400, 71
230400, 66
230400, 62
230400, 59
230400, 54
230880, 71
230880, 66
230880, 62
230880, 59
231120, 71
231120, 66
231120, 62
231120, 59
231120, 54
231360, 66
231360, 62
231360, 59
231360, 54
231600, 66
231600, 62
231600, 59
231600, 54
231840, 71
231840, 66
231840, 62
231840, 59
231840, 54
232320, 71
232320, 67
232320, 62
232320, 59
232320, 55
232800, 67
232800, 62
232800, 59
232800, 55
233280, 71
233280, 67
233280, 62
233280, 59
233280, 55
233760, 71
233760, 67
233760, 62
233760, 59
233760, 55
234240, 69
234240, 66
234240, 62
234240, 57
234240, 50
234720, 69
234720, 66
234720, 62
234720, 57
234960, 69
234960, 66
234960, 62
234960, 57
234960, 50
235200, 66
235200, 62
235200, 57
235440, 66
235440, 62
235440, 57
235440, 50
235680, 69
235680, 66
235680, 62
235680, 57
235680, 50
236160, 69
236160, 64
236160, 61
236160, 57
236160, 52
236640, 69
236640, 64
236640, 61
236640, 57
236880, 69
236880, 64
236880, 61
236880, 57
236880, 52
237120, 64
237120, 61
237120, 57
237120, 52
237360, 64
237360, 61
237360, 57
237360, 52
237600, 69
237600, 64
237600, 61
237600, 57
237600, 52
238080, 71
238080, 66
238080, 62
238080, 59
238080, 54
238560, 71
238560, 66
238560, 62
238560, 59
238800, 71
238800, 66
238800, 62
238800, 59
238800, 54
239040, 66
239040, 62
239040, 59
239040, 54
239280, 66
239280, 62
239280, 59
239280, 54
239520, 71
239520, 66
239520, 62
239520, 59
239520, 54
240000, 71
240000, 67
240000, 62
240000, 59
240000, 55
240480, 71
240480, 67
240480, 62
240480, 59
240720, 71
240720, 67
240720, 62
240720, 59
240720, 55
240960, 67
240960, 62
240960, 59
240960, 55
241200, 67
241200, 62
241200, 59
241200, 55
241440, 71
241440, 67
241440, 62
241440, 59
241440, 55
241920, 69
241920, 66
241920, 62
241920, 57
241920, 50
242400, 69
242400, 66
242400, 62
242400, 57
242640, 69
242640, 66
242640, 62
242640, 57
242640, 50
242880, 66
242880, 62
242880, 57
243120, 66
243120, 62
243120, 57
243120, 50
243360, 69
243360, 66
243360, 62
243360, 57
243360, 50
243840, 69
243840, 64
243840, 61
243840, 57
243840, 52
244320, 69
244320, 64
244320, 61
244320, 57
244560, 69
244560, 64
244560, 61
244560, 57
244560, 52
244800, 64
244800, 61
244800, 57
244800, 52
245040, 64
245040, 61
245040, 57
245040, 52
245280, 69
245280, 64
245280, 61
245280, 57
245280, 52
245760, 71
245760, 66
245760, 62
245760, 59
245760, 54
246000, 62
246000, 59
246000, 54
246240, 66
246240, 62
246240, 59
246240, 54
246480, 66
246480, 62
246480, 59
246480, 54
246720, 66
246720, 62
246720, 59
246720, 54
246960, 66
246960, 62
246960, 59
246960, 54
247200, 71
247200, 67
247200, 62
247200, 59
247200, 55
251520, 69
251520, 66
251520, 62
251520, 57
251520, 50
