0,56
0,63
480,56
960,63
1920,49
2400,61
2400,63
2880,56
3840,49
3840,63
4800,61
4800,49
5760,61
5760,49
6720,61
7200,63
7680,61
8160,49
8640,61
8640,49
9120,49
10080,49
10560,61
11040,49
11520,49
12000,63
12480,49
12960,49
13440,49
13920,63
14400,61
14880,49
15360,49
15360,63
16320,61
16800,63
16800,61
17280,49
18240,61
18720,63
19200,56
19200,49
20160,56
20640,49
20640,61
21120,63
21600,49
22080,61
23040,63
23040,56
24000,49
24480,61
24480,63
24960,49
25920,49
25920,56
26400,63
26880,49
27840,61
28320,49
28800,63
29280,63
29760,63
29760,63
30720,63
30720,49
31680,49
32160,49
32640,49
32640,56
33120,63
33600,49
34080,49
35520,54
35520,49
36000,54
36960,49
37920,49
38400,63
38400,61
39360,63
40320,58
40320,58
40800,58
41760,58
41760,54
43200,49
43200,58
44640,61
44640,58
45600,58
47040,58
47040,56
48000,49
48000,49
48480,63
48960,49
49920,61
49920,49
50880,56
51360,49
51840,49
51840,49
53280,42
53280,49
54720,54
55200,49
55200,58
56160,58
57120,58
57600,49
58080,58
58080,49
59040,58
59040,58
60000,58
60960,54
61920,42
61920,49
62400,58
63840,58
64320,42
65280,49
65760,58
65760,54
67200,58
67200,54
68640,42
68640,42
69120,49
69600,42
70560,54
70560,42
71040,42
71520,54
72960,42
73920,49
74400,42
75360,58
75840,58
76320,49
76320,58
76800,58
78240,42
79200,58
79200,49
80640,58
80640,58
81120,58
82080,42
83520,54
84000,58
84960,54
85440,58
86400,49
86880,58
87840,54
87840,58
88800,58
88800,42
89760,54
90240,42
90720,42
91200,42
91680,49
92640,63
92640,63
93600,63
94080,49
94080,49
95520,61
96480,49
96480,42
97920,63
98400,42
99360,56
99360,42
100320,42
100320,54
101280,42
102240,42
102240,54
102720,58
103680,54
103680,42
104640,58
106080,54
106080,42
106560,42
107520,42
108960,42
108960,42
110400,54
110880,42
111840,49
112320,42
112320,42
112800,42
114240,58
114240,54
114720,58
116160,42
116640,42
117120,42
117120,54
118080,58
119520,42
119520,49
120960,42
121440,42
122400,58
122880,54
122880,42
123840,58
123840,49
125280,42
125760,42
126240,54
127200,58
127680,58
128160,54
129120,42
129600,49
130560,42
130560,49
131520,49
132000,63
132000,49
132960,49
133920,42
134400,49
135360,42
135840,42
136800,42
137280,58
137280,42
138720,42
139200,49
139200,58
140640,54
141120,42
141120,49
142080,42
142560,58
143040,42
143040,58
143520,42
144960,42
145440,49
145440,58
146400,42
146880,54
147840,58
148320,58
149280,58
149760,58
150240,54
151200,42
151200,58
151680,49
153120,49
154080,54
154080,49
154560,42
156000,58
156960,42
157440,49
157440,42
158880,42
159840,42
159840,58
161280,42
161280,49
161760,54
162720,49
163200,42
164640,54
164640,58
165600,42
165600,58
166080,54
166560,42
168000,42
168480,58
168480,42
168960,49
169920,42
170400,58
170880,42
171360,58
171840,42
171840,58
173280,58
173280,58
173760,54
174720,58
175200,54
176160,42
176640,49
176640,42
177600,58
178080,49
179040,49
180480,54
180960,49
181440,49
181920,61
182880,58
183360,49
184320,49
184320,58
185760,54
185760,49
186240,49
186720,63
187200,58
188160,63
189120,49
189120,49
190080,56
190560,49
191040,56
191520,49
192000,63
192480,56
192960,49
192960,56
193920,49
194400,56
194400,63
194880,49
195840,56
196320,49
196800,49
197280,56
197760,49
198240,56
198720,63
199200,61
199680,63
199680,61
200160,49
201120,49
201600,49
201600,56
202560,49
203040,49
203520,56
203520,49
204480,56
204480,49
205440,49
205920,56
206400,63
206400,61
207360,49
207840,49
208320,49
208800,49
209280,56
209280,49
210240,56
210720,63
211200,63
211200,63
212160,61
212160,49
213120,63
213120,63
214080,63
214080,63
214560,56
215040,49
216000,49
216480,56
216960,63
217440,63
217920,61
218400,49
218880,49
219360,49
219840,49
219840,49
220320,63
220800,49
221760,61
222240,63
222240,63
223200,63
223680,63
223680,63
224640,56
225120,49
225120,49
225600,56
226560,63
227040,63
227520,49
227520,61
228480,63
228960,61
229440,49
229440,49
230400,49
230880,63
231360,61
231840,63
232320,63
232800,61
233280,63
233760,61
234240,63
234720,56
235200,63
235680,63
236160,56
236640,63
237120,56
237120,49
238080,49
238080,49
239040,49
239040,61
239520,49
240480,63
240960,61
241440,63
241920,56
241920,49
242880,49
243360,49
243360,56
244320,63
244320,49
244800,49
245280,49
246240,56
246240,49
247200,49
247680,56
248160,63
248640,61
249120,49
249600,63
249600,49
250560,63
250560,63
251520,61
252000,49
252000,61
252960,49
252960,61
253440,63
253920,61
254880,63
255360,61
255360,49
255840,63
256320,61
257280,63
257760,49
258240,61
258720,49
259200,56
259680,63
260160,63
260160,63
260640,63
261600,49
261600,49
262560,56
263040,49
263520,49
264000,63
264480,63
264960,63
264960,63
265920,49
266400,49
266400,49
266880,49
267360,49
268320,49
268800,63
268800,61
269760,63
269760,56
270720,49
271200,49
271200,56
272160,49
272160,56
273120,63
273600,63
273600,56
274560,49
274560,49
275520,49
276000,49
276480,56
276960,49
277440,49
277440,61
278400,63
278880,63
279360,63
279840,49
280320,49
280800,56
280800,49
281760,49
282240,63
282720,56
283200,63
283680,56
284160,63
284160,49
285120,49
285600,49
285600,49
286080,56
287040,63
287520,49
287520,63
288480,63
288960,63
289440,49
289920,49
290400,61
290400,63
291360,63
291840,63
292320,49
292320,61
292800,63
293280,63
294240,63
294720,49
295200,49
295680,56
296160,63
296640,56
297120,63
297120,61
297600,49
298080,56
298560,49
299520,63
300000,63
300480,63
300960,56
300960,63
301920,63
301920,63
302880,49
303360,63
303360,49
303840,61
304320,49
304800,49
305280,49
306240,61
306720,63
307200,61
307680,49
308160,49
308640,56
309120,49
309120,49
310080,61
310560,49
311040,49
311520,63
311520,63
312480,63
312480,63
313440,63
313440,63
313920,63
314880,63
314880,63
315360,63
316320,49
316320,49
316800,49
317280,49
317760,56
318240,63
319200,63
319200,63
320160,49
320640,49
321120,61
321120,49
322080,56
322560,63
322560,63
323520,63
324000,56
324480,63
324960,61
324960,63
325920,56
326400,49
326880,61
327360,49
327840,56
328320,49
328320,63
329280,63
329280,63
330240,49
330720,61
331200,49
331680,49
331680,63
332640,63
333120,61
333600,49
334080,49
334080,61
334560,63
335520,63
335520,63
336000,63
336960,63
337440,63
337920,56
338400,49
338880,49
339360,61
339360,63
340320,61
340800,63
340800,49
341760,63
342240,61
342240,49
343200,49
343680,56
343680,63
344640,63
345120,49
345600,49
345600,63
346560,56
347040,63
347520,63
348000,63
348000,49
348960,56
348960,63
349920,56
349920,49
350400,49
350880,61
351840,49
351840,61
352800,49
353280,49
353280,49
354240,49
354720,61
354720,49
355200,56
356160,63
356640,49
357120,49
357600,61
358080,63
358080,56
358560,49
359520,61
360000,49
360000,49
360960,63
360960,49
361920,56
362400,49
362400,56
363360,49
363840,56
363840,49
364800,56
365280,63
365760,63
366240,63
366720,63
366720,63
367200,61
368160,63
368640,56
369120,63
369600,56
369600,63
370560,63
371040,63
371520,49
372000,63
372960,58
373440,61
373920,49
373920,49
374400,63
375360,63
376320,58
376800,63
376800,56
377760,63
378240,49
378240,61
379680,58
380160,49
380160,54
381120,58
382560,58
383040,58
384000,54
384000,49
385440,42
385920,42
385920,42
387360,42
387360,49
388320,58
388320,54
389280,58
389280,49
390720,42
390720,42
391200,49
392640,58
393600,49
393600,42
394080,54
395520,58
396480,49
396480,58
396960,42
398400,42
398880,42
398880,54
400320,58
400800,49
401280,42
401760,42
401760,54
402720,42
404160,58
404640,58
405120,58
405600,49
405600,58
406560,58
407040,58
407520,42
407520,42
408960,42
409440,58
409440,58
410400,58
410880,54
411840,42
411840,54
413280,42
413280,58
414720,58
415200,54
415200,58
416160,58
417120,49
418080,42
418560,49
419520,49
420000,58
420960,49
421440,58
422400,42
422880,49
422880,42
424320,49
425280,42
425760,49
425760,49
427200,58
427200,42
428160,54
428640,42
429600,49
430560,58
431040,58
431520,58
431520,42
432480,54
432960,42
433440,58
433920,42
433920,42
435360,42
436320,42
436800,49
437760,49
438240,58
438240,54
439200,49
440640,49
441120,49
442080,42
442560,42
442560,49
443040,42
444480,42
444480,42
444960,58
445440,58
446880,58
446880,49
447360,58
447840,42
448800,49
448800,42
449760,58
449760,58
451200,54
451200,49
451680,58
453120,49
453120,58
454560,63
454560,56
455520,63
455520,49
456480,49
456960,63
457440,61
457920,63
458400,63
458400,56
458880,63
459360,63
460320,63
460320,63
461280,61
461760,63
462240,49
462240,63
463200,49
463200,63
463680,56
464160,49
464640,49
465120,63
465600,61
466560,49
466560,49
467520,56
468000,49
468480,63
468960,63
468960,56
469920,49
469920,49
470400,49
471360,49
471840,49
472320,49
472800,61
473280,63
473280,63
473760,56
474720,49
475200,49
475200,49
476160,63
476640,61
477120,49
477600,49
477600,63
478560,63
478560,49
479520,56
479520,49
480000,56
480960,63
480960,56
481440,63
482400,63
482880,61
482880,63
483840,63
483840,49
484800,49
484800,63
485280,63
485760,63
486240,61
487200,63
487680,63
488160,49
488160,49
488640,49
489600,49
489600,63
490560,63
490560,49
491520,63
491520,49
492000,49
492480,56
493440,49
493440,61
494880,58
495360,58
496320,42
496800,58
496800,58
497760,56
498240,49
499200,49
499680,61
500160,49
500160,49
500640,63
501600,63
502080,61
502080,63
502560,61
503040,49
504000,63
504000,63
504960,56
504960,63
505920,63
506400,49
506880,49
506880,61
507840,63
507840,49
508320,56
509280,49
509280,56
509760,63
510720,63
511200,63
511680,63
511680,63
512160,63
513120,56
513600,49
514080,56
514560,63
515040,63
515520,49
516000,61
516000,63
516480,61
516960,49
517920,49
518400,61
518400,63
519360,61
519840,49
519840,56
520800,63
521280,61
521280,49
521760,61
522240,63
523200,63
523680,63
524160,56
524640,49
525120,49
525600,56
525600,63
526560,56
526560,49
527520,49
528000,49
528480,63
528960,61
529440,49
529920,49
530400,49
530400,63
531360,63
531360,63
531840,56
532320,63
532800,49
533760,49
534240,61
534240,63
534720,63
535200,63
535680,63
536160,61
537120,63
537120,63
538080,63
538560,63
539040,63
539520,63
539520,56
540000,49
540480,49
541440,61
541920,63
542400,61
542880,49
543360,61
543840,63
544320,61
544800,63
545280,49
545280,63
545760,63
546240,49
547200,63
547680,49
548160,61
548640,63
549120,56
549600,49
549600,56
550560,49
551040,63
551040,49
552000,63
552480,63
552960,56
552960,63
553920,56
554400,63
554400,63
555360,63
555840,63
556320,63
556320,63
557280,63
557760,56
557760,63
558240,63
559200,61
559200,63
560160,49
560160,61
560640,63
561120,63
562080,61
562560,63
562560,56
563040,63
564000,49
564000,63
564480,63
565440,63
565920,63
565920,49
566880,63
567360,63
567840,63
567840,49
568800,61
569280,49
569280,61
569760,49
570720,56
571200,63
571680,56
571680,49
572640,56
572640,63
574080,58
574560,63
575040,56
575040,63
576480,58
576480,61
577440,49
577920,61
578400,49
578880,56
579840,58
580320,49
580800,49
580800,61
581280,58
582720,63
583680,58
584160,61
584640,49
585120,63
585600,63
585600,63
586560,49
587040,49
587040,49
588000,56
588480,63
588960,61
589440,49
589920,49
590400,61
590880,49
591360,56
591840,63
592320,61
592800,63
593280,49
593760,49
594240,61
594720,49
595200,49
595200,49
596160,49
596640,49
596640,56
597120,49
597600,49
598080,49
598560,56
599040,63
599520,63
600000,56
600480,63
601440,63
601440,56
601920,63
602880,61
602880,63
603360,61
603840,49
604800,61
605280,49
605760,63
606240,63
606240,49
606720,49
607680,63
608160,56
608640,49
608640,63
609120,63
610080,63
610560,61
611040,49
611520,63
612000,56
612000,49
612480,61
613440,63
613920,63
614400,63
614880,56
614880,63
615360,63
616320,63
616800,61
617280,63
617280,56
618240,63
618720,61
619200,63
619680,63
620160,63
620640,61
621120,63
621120,63
622080,61
622080,49
623040,49
623520,61
624000,49
624480,49
624960,63
624960,49
625440,61
626400,49
626400,56
627360,49
627840,56
628320,63
628800,63
629280,49
629280,63
630240,63
630720,63
631200,63
631680,63
631680,63
632160,56
632640,49
633600,61
634080,63
634080,49
635040,49
635040,49
635520,63
636480,61
636960,63
637440,63
637920,61
637920,63
638880,61
639360,63
639840,63
639840,49
640320,63
640800,63
641760,56
642240,63
642240,63
643200,63
643680,63
643680,63
644160,56
645120,49
645120,61
646080,63
646080,56
647040,63
647520,61
648000,49
648480,63
648480,61
649440,49
649440,49
650400,49
650880,63
650880,49
651840,61
651840,49
652320,63
653280,63
653760,63
654240,56
654240,63
654720,61
655200,49
656160,56
656640,49
657120,49
657120,56
658080,63
658080,56
658560,63
659040,63
660000,61
660000,49
660480,49
660960,49
661920,61
662400,63
662400,49
663360,61
663360,63
664320,63
664320,63
665280,63
665280,56
666240,49
666240,56
666720,63
667680,63
668160,61
668640,49
669120,56
669600,63
670080,61
670080,49
671040,49
671520,63
672000,56
672000,49
672480,63
672960,56
673920,63
673920,63
674880,61
674880,49
675840,49
675840,63
676800,63
677280,63
677760,63
678240,63
678720,63
678720,63
679200,61
680160,63
680640,63
681120,61
681120,49
681600,49
682560,61
683040,49
683520,49
684000,56
684000,63
684960,63
685440,63
685440,56
685920,49
686880,63
686880,61
687360,49
687840,49
688800,49
688800,63
689760,49
689760,63
690240,61
690720,49
691200,63
691680,49
692160,61
693120,49
693600,61
693600,49
694080,63
695040,49
695520,49
695520,63
696480,63
696480,63
696960,49
697920,56
698400,63
698400,63
698880,63
699840,56
699840,49
700800,61
700800,63
701760,49
702240,49
702240,56
703200,63
703200,56
703680,63
704640,49
705120,56
705120,63
705600,56
706080,63
706560,63
707040,56
707520,63
708480,56
708960,63
708960,56
709920,63
710400,63
710880,61
710880,49
711360,56
712320,49
712800,61
713280,63
713760,63
714240,61
714720,49
715200,61
715200,63
716160,49
716640,61
717120,63
717600,63
718080,56
718080,49
719040,61
719520,49
720000,49
720000,61
720480,63
720960,63
721920,63
722400,63
722880,63
722880,63
723840,56
724320,63
724800,63
724800,49
725280,49
726240,49
726240,63
727200,63
727200,61
728160,63
728640,49
729120,49
729120,61
730080,49
730560,49
731040,49
731040,61
732000,49
732480,63
732480,61
732960,63
733920,63
734400,63
734400,63
735360,49
735360,56
736320,63
736800,56
736800,63
737760,56
738240,49
738720,63
738720,49
739680,63
739680,63
740160,61
741120,49
741120,49
741600,63
742080,61
742560,49
743520,49
743520,49
744000,63
744960,61
744960,63
745920,61
745920,49
746880,63
747360,56
747840,49
748320,49
748320,49
749280,61
749760,49
750240,49
750720,49
751200,63
751200,56
751680,49
752160,63
753120,63
753600,49
754080,49
754560,61
755040,63
755040,63
755520,61
756480,49
756960,56
757440,63
757440,63
758400,61
758880,49
759360,56
759840,63
759840,56
760320,63
760800,56
761760,63
762240,63
762240,49
762720,56
763680,49
763680,56
764160,63
764640,63
765600,61
765600,63
766080,56
767040,63
767040,63
767520,56
768480,63
768960,61
769440,49
769920,61
769920,49
770400,61
771360,49
771360,61
772320,63
772800,61
773280,49
773280,49
773760,49
774240,61
775200,63
775680,63
776160,56
776640,49
776640,49
777120,63
778080,63
778560,63
779040,63
779040,61
780000,63
780000,63
780960,63
781440,63
781440,63
782400,63
782880,61
782880,63
783840,63
784320,49
784320,63
785280,49
785760,49
786240,56
786720,63
787200,63
787200,56
788160,63
788160,49
789120,56
789600,49
790080,49
790080,49
790560,56
791040,63
792000,49
792480,61
792480,49
793440,49
793920,49
793920,63
794880,63
795360,63
795840,56
795840,63
796320,63
797280,63
797760,63
832320,59
835980,61
870540,54
870540,63
871020,47
906060,63
906060,61
940620,63
941580,63
942060,49
942060,56
942540,63
943500,63
943980,56
944460,49
944460,63
945420,49
945900,61
946380,63
946860,49
947340,56
947340,63
948300,61
948780,49
948780,63
949740,56
950220,63
950220,63
951180,63
951660,49
951660,49
952140,49
953100,56
953100,49
954060,56
954540,63
955020,63
955500,63
955980,61
956460,49
956940,61
956940,49
957420,56
957900,63
958860,49
958860,49
959820,63
959820,61
960780,49
961260,61
961740,49
962220,56
962700,63
963180,56
963660,63
964140,61
964140,49
965100,49
965580,63
965580,63
966540,56
967020,63
967020,56
967500,63
968460,63
968940,63
968940,63
969420,56
970380,49
970860,56
971340,63
971820,63
972300,63
972300,63
972780,63
973740,49
974220,63
974700,56
974700,63
975180,63
976140,49
976620,61
977100,63
977580,63
978060,63
978060,49
979020,56
979020,49
979980,49
979980,56
980940,63
981420,63
981420,61
982380,49
982860,49
983340,56
983820,63
983820,63
984300,56
984780,49
985740,49
985740,49
986700,63
986700,63
987180,49
987660,63
988620,56
988620,63
989100,63
989580,61
990540,63
991020,63
991020,63
991980,63
992460,49
992460,56
993420,63
993420,61
994380,49
994380,49
994860,49
995820,49
996300,63
996780,61
996780,49
997740,49
998220,63
998700,63
999180,49
999660,63
1000140,49
1000620,61
1001100,63
1001100,63
1002060,63
1002540,56
1002540,49
1003020,63
1003980,61
1004460,63
1004460,63
1005420,61
1005420,63
1005900,63
1006860,63
1007340,56
1007340,63
1008300,49
1008780,61
1009260,63
1009740,63
1010220,61
1010220,49
1011180,49
1011660,49
1012140,61
1012620,63
1013100,63
1013100,63
1013580,49
1014540,61
1014540,63
1015500,49
1015980,49
1015980,63
1016940,49
1017420,61
1017900,63
1018380,61
1018860,63
1019340,61
1019820,49
1019820,49
1020780,56
1020780,49
1021260,56
1022220,63
1022220,61
1023180,49
1023660,61
1024140,63
1024620,49
1025100,56
1025100,58
1026060,56
1026540,58
1027980,49
1027980,58
1029420,56
1030380,58
1030380,49
1030860,54
