0, 66
960, 66
1920, 66
2880, 66
3840, 48
4560, 67
5040, 63
5520, 45
5760, 46
6000, 50
6240, 46
6480, 67
6960, 63
7200, 46
7440, 45
7680, 53
8160, 53
8400, 67
8880, 63
9120, 53
9600, 45
10080, 45
10320, 63
10560, 46
10800, 63
11040, 46
11520, 43
12000, 43
12240, 62
12480, 43
12720, 58
12960, 43
13440, 45
13920, 45
14160, 62
14400, 46
14640, 58
14880, 46
15120, 50
15360, 52
16080, 62
16320, 58
16560, 62
16800, 62
16800, 57
17520, 62
17760, 62
17760, 55
17760, 52
18240, 62
18240, 55
18240, 52
18720, 45
19200, 43
19680, 43
19920, 62
20160, 43
20400, 58
20640, 43
21120, 45
21600, 45
21840, 62
22080, 46
22320, 58
22560, 46
22800, 50
23040, 52
23760, 62
24000, 58
24240, 62
24480, 62
24480, 57
25200, 62
25440, 62
25440, 55
25440, 52
25920, 62
25920, 55
25920, 52
26400, 45
26880, 48
27600, 67
28080, 63
28560, 45
28800, 46
29040, 50
29280, 46
29520, 67
30000, 63
30240, 46
30480, 45
30720, 53
31200, 53
31440, 67
31920, 63
32160, 53
32640, 45
33120, 45
33360, 63
33600, 46
33840, 63
34080, 46
34560, 43
35040, 43
35280, 62
35520, 43
35760, 58
36000, 43
36480, 45
36960, 45
37200, 62
37440, 46
37680, 58
37920, 46
38160, 50
38400, 52
39120, 62
39360, 58
39600, 62
39840, 62
39840, 57
40560, 62
40800, 62
40800, 55
40800, 52
41280, 62
41280, 55
41280, 52
41760, 45
42240, 43
42720, 43
42960, 62
43200, 43
43440, 58
43680, 43
44160, 45
44640, 45
44880, 62
45120, 46
45360, 58
45600, 46
45840, 50
46080, 52
46800, 62
47040, 58
47280, 62
47520, 62
47520, 57
48240, 62
48480, 62
48480, 55
48480, 52
48960, 62
48960, 55
48960, 52
49440, 45
49920, 48
50640, 67
51120, 63
51600, 45
51840, 46
52080, 50
52320, 46
52560, 67
53040, 63
53280, 46
53520, 45
53760, 53
54240, 53
54480, 67
54960, 63
55200, 53
55680, 45
56160, 45
56400, 63
56640, 46
56880, 63
57120, 46
57600, 43
58080, 43
58320, 62
58560, 43
58800, 58
59040, 43
59520, 45
60000, 45
60240, 62
60480, 46
60720, 58
60960, 46
61200, 50
61440, 52
62160, 62
62400, 58
62640, 62
62880, 62
62880, 57
63600, 62
63840, 55
63840, 52
64320, 55
64320, 52
64800, 45
65280, 43
65760, 58
66000, 64
66480, 62
66960, 58
67440, 62
67920, 64
68400, 62
68640, 58
69120, 41
69600, 57
69840, 64
70320, 62
70800, 57
71280, 62
71760, 64
72240, 62
72480, 57
72960, 47
72960, 40
73440, 56
73680, 64
74160, 62
74640, 56
75120, 62
75360, 56
75600, 64
76080, 62
76320, 56
76560, 42
76800, 43
77280, 58
77520, 64
78000, 62
78480, 58
78960, 62
79440, 64
79920, 62
80160, 58
80640, 41
81120, 57
81360, 64
81840, 62
82320, 57
82800, 62
83280, 64
83760, 62
84000, 57
84480, 47
84480, 40
84960, 56
85200, 64
85680, 62
86160, 56
86640, 62
86880, 56
87120, 64
87600, 62
87840, 56
88320, 47
88320, 40
88800, 56
89040, 64
89520, 62
90000, 56
90480, 62
90720, 56
91200, 50
91680, 49
92160, 48
92880, 67
93360, 63
93840, 45
94080, 46
94320, 50
94560, 46
94800, 67
95280, 63
95520, 46
95760, 45
96000, 53
96480, 53
96720, 67
97200, 63
97440, 53
97920, 45
98400, 45
98640, 63
98880, 46
99120, 63
99360, 46
99840, 43
100320, 43
100560, 62
100800, 43
101040, 58
101280, 43
101760, 45
102240, 45
102480, 62
102720, 46
102960, 58
103200, 46
103440, 50
103680, 52
104400, 62
104640, 58
104880, 62
105120, 62
105120, 57
105840, 62
106080, 62
106080, 55
106080, 52
106560, 62
106560, 55
106560, 52
107040, 45
107520, 43
108000, 43
108240, 62
108480, 43
108720, 58
108960, 43
109440, 45
109920, 45
110160, 62
110400, 46
110640, 58
110880, 46
111120, 50
111360, 52
112080, 62
112320, 58
112560, 62
112800, 62
112800, 57
113520, 62
113760, 62
113760, 55
113760, 52
114240, 62
114240, 55
114240, 52
114720, 45
115200, 48
115920, 67
116400, 63
116880, 45
117120, 46
117360, 50
117600, 46
117840, 67
118320, 63
118560, 46
118800, 45
119040, 53
119520, 53
119760, 67
120240, 63
120480, 53
120960, 45
121440, 45
121680, 63
121920, 46
122160, 63
122400, 46
122880, 43
123360, 43
123600, 62
123840, 43
124080, 58
124320, 43
124800, 45
125280, 45
125520, 62
125760, 46
126000, 58
126240, 46
126480, 50
126720, 52
127440, 62
127680, 58
127920, 62
128160, 62
128160, 57
128880, 62
129120, 55
129120, 52
129600, 55
129600, 52
130080, 45
130560, 43
131040, 58
131280, 64
131760, 62
132240, 58
132720, 62
133200, 64
133680, 62
133920, 58
134400, 41
134880, 57
135120, 64
135600, 62
136080, 57
136560, 62
137040, 64
137520, 62
137760, 57
138240, 47
138240, 40
138720, 56
138960, 64
139440, 62
139920, 56
140400, 62
140640, 56
140880, 64
141360, 62
141600, 56
141840, 42
142080, 43
142560, 58
142800, 64
143280, 62
143760, 58
144240, 62
144720, 64
145200, 62
145440, 58
145920, 41
146400, 57
146640, 64
147120, 62
147600, 57
148080, 62
148560, 64
149040, 62
149280, 57
149760, 47
149760, 40
150240, 56
150480, 64
150960, 62
151440, 56
151920, 62
152160, 56
152400, 64
152880, 62
153120, 56
153600, 47
153600, 40
154080, 56
154320, 64
154800, 62
155040, 56
155520, 56
155760, 62
156000, 56
156240, 64
156720, 62
156960, 56
157440, 45
157920, 45
158160, 45
158400, 48
158640, 45
159120, 44
159600, 44
160080, 44
160320, 48
160800, 50
161280, 45
161760, 45
162000, 45
162240, 48
162480, 45
162960, 44
163440, 50
163680, 48
163920, 45
164160, 50
164400, 48
164640, 45
164880, 48
165120, 45
165600, 45
165840, 45
166080, 48
166320, 45
166800, 44
167280, 44
167760, 44
168000, 48
168480, 50
168960, 45
169440, 45
169680, 45
169920, 48
170160, 45
170640, 44
171120, 50
171360, 48
171600, 45
171840, 50
172080, 48
172320, 45
172560, 48
172800, 48
172804, 55
172808, 60
172812, 64
173280, 48
173282, 55
173284, 60
173286, 64
173520, 64
173522, 60
173524, 55
173526, 48
173760, 48
173762, 55
173764, 60
173766, 64
174000, 64
174002, 60
174004, 55
174006, 48
174240, 48
174242, 55
174244, 60
174246, 64
174480, 65
174484, 60
174488, 56
174492, 44
174960, 65
174962, 60
174964, 56
174966, 44
175200, 48
175202, 55
175204, 60
175206, 64
175440, 62
175442, 58
175444, 53
175446, 46
175680, 45
175682, 50
175684, 55
175686, 59
175920, 59
175922, 55
175924, 50
175926, 45
176160, 48
176164, 55
176168, 60
176172, 64
176640, 48
176642, 55
176644, 60
176646, 64
176880, 64
176882, 60
176884, 55
176886, 48
177120, 48
177122, 55
177124, 60
177126, 65
177360, 64
177362, 60
177364, 55
177366, 48
177600, 48
177602, 55
177604, 60
177606, 64
177840, 65
177844, 60
177848, 56
177852, 44
178320, 65
178322, 60
178324, 56
178326, 44
178560, 48
178562, 55
178564, 60
178566, 64
178800, 62
178802, 58
178804, 53
178806, 46
179040, 45
179042, 50
179044, 55
179046, 59
179280, 59
179282, 55
179284, 50
179286, 45
179520, 48
179524, 55
179528, 60
179532, 64
180000, 48
180002, 55
180004, 60
180006, 64
180240, 64
180242, 60
180244, 55
180246, 48
180480, 48
180482, 55
180484, 60
180486, 64
180720, 64
180722, 60
180724, 55
180726, 48
180960, 48
180962, 55
180964, 60
180966, 64
181200, 65
181204, 60
181208, 56
181212, 44
181680, 65
181682, 60
181684, 56
181686, 44
181920, 48
181922, 55
181924, 60
181926, 64
182160, 62
182162, 58
182164, 53
182166, 46
182400, 45
182402, 50
182404, 55
182406, 59
182640, 59
182642, 55
182644, 50
182646, 45
182880, 48
182884, 55
182888, 60
182892, 64
183360, 48
183362, 55
183364, 60
183366, 64
183600, 64
183602, 60
183604, 55
183606, 48
183840, 48
183842, 55
183844, 60
183846, 64
184080, 64
184082, 60
184084, 55
184086, 48
184320, 48
184322, 55
184324, 60
184326, 64
184560, 64
184562, 60
184564, 55
184566, 48
184800, 48
184802, 55
184804, 60
184806, 64
185040, 63
185042, 59
185044, 54
185046, 47
185280, 45
185282, 50
185284, 55
185286, 59
185520, 62
185522, 58
185524, 53
185526, 46
185760, 45
185762, 50
185764, 55
185766, 59
186000, 64
186002, 60
186004, 55
186006, 48
186240, 45
186242, 50
186244, 55
186246, 59
186480, 64
186482, 60
186484, 55
186486, 48
186720, 52
186720, 45
187200, 52
187200, 45
187440, 52
187440, 45
187680, 52
187680, 48
187920, 52
187920, 45
188400, 51
188400, 44
188880, 51
188880, 44
189360, 51
189360, 44
189600, 48
190080, 50
190560, 52
190560, 45
191040, 52
191040, 45
191280, 52
191280, 45
191520, 52
191520, 48
191760, 52
191760, 45
192240, 51
192240, 44
192720, 50
192960, 48
193200, 45
193440, 48
193920, 50
194400, 52
194400, 45
194880, 52
194880, 45
195120, 52
195120, 45
195360, 52
195360, 48
195600, 52
195600, 45
196080, 51
196080, 44
196560, 51
196560, 44
197040, 51
197040, 44
197280, 48
197760, 50
198240, 52
198240, 45
198720, 52
198720, 45
198960, 52
198960, 45
199200, 52
199200, 48
199440, 52
199440, 45
199920, 51
199920, 44
200400, 50
200640, 48
200640, 44
200880, 45
201120, 48
201600, 50
202080, 48
202084, 55
202088, 60
202092, 64
202560, 48
202562, 55
202564, 60
202566, 64
202800, 64
202802, 60
202804, 55
202806, 48
203040, 48
203042, 55
203044, 60
203046, 64
203280, 64
203282, 60
203284, 55
203286, 48
203520, 48
203522, 55
203524, 60
203526, 64
203760, 65
203764, 60
203768, 56
203772, 44
204240, 65
204242, 60
204244, 56
204246, 44
204480, 48
204482, 55
204484, 60
204486, 64
204720, 62
204722, 58
204724, 53
204726, 46
204960, 45
204962, 50
204964, 55
204966, 59
205200, 59
205202, 55
205204, 50
205206, 45
205440, 48
205444, 55
205448, 60
205452, 64
205920, 48
205922, 55
205924, 60
205926, 64
206160, 64
206162, 60
206164, 55
206166, 48
206400, 48
206402, 55
206404, 60
206406, 65
206640, 64
206642, 60
206644, 55
206646, 48
206880, 48
206882, 55
206884, 60
206886, 64
207120, 65
207124, 60
207128, 56
207132, 44
207600, 65
207602, 60
207604, 56
207606, 44
207840, 48
207842, 55
207844, 60
207846, 64
208080, 62
208082, 58
208084, 53
208086, 46
208320, 45
208322, 50
208324, 55
208326, 59
208560, 59
208562, 55
208564, 50
208566, 45
208800, 48
208804, 55
208808, 60
208812, 64
209280, 48
209282, 55
209284, 60
209286, 64
209520, 64
209522, 60
209524, 55
209526, 48
209760, 48
209762, 55
209764, 60
209766, 64
210000, 64
210002, 60
210004, 55
210006, 48
210240, 48
210242, 55
210244, 60
210246, 64
210480, 65
210484, 60
210488, 56
210492, 44
210960, 65
210962, 60
210964, 56
210966, 44
211200, 48
211202, 55
211204, 60
211206, 64
211440, 62
211442, 58
211444, 53
211446, 46
211680, 45
211682, 50
211684, 55
211686, 59
211920, 59
211922, 55
211924, 50
211926, 45
212160, 48
212164, 55
212168, 60
212172, 64
212640, 48
212642, 55
212644, 60
212646, 64
212880, 64
212882, 60
212884, 55
212886, 48
213120, 48
213122, 55
213124, 60
213126, 64
213360, 64
213362, 60
213364, 55
213366, 48
213600, 48
213602, 55
213604, 60
213606, 64
213840, 64
213842, 60
213844, 55
213846, 48
214080, 48
214082, 55
214084, 60
214086, 64
214320, 63
214322, 59
214324, 54
214326, 47
214560, 45
214562, 50
214564, 55
214566, 59
214800, 62
214804, 58
214808, 53
214812, 46
215280, 60
215282, 56
215284, 51
215286, 46
215520, 46
215524, 51
215528, 56
215532, 60
216000, 45
216480, 45
216720, 45
216960, 48
217200, 45
217680, 44
218160, 44
218640, 44
218880, 48
219360, 50
219840, 45
220320, 45
220560, 45
220800, 48
221040, 45
221520, 44
222000, 44
222480, 44
222720, 48
223200, 50
223680, 45
224160, 45
224400, 45
224640, 48
224880, 45
225360, 44
225840, 44
226320, 44
226560, 48
227040, 50
227520, 45
228000, 45
228240, 45
228480, 48
228720, 45
229200, 44
229680, 44
230160, 44
230400, 48
230880, 50
231360, 48
231364, 55
231368, 60
231372, 64
231840, 48
231842, 55
231844, 60
231846, 64
232080, 64
232082, 60
232084, 55
232086, 48
232320, 48
232322, 55
232324, 60
232326, 64
232560, 64
232562, 60
232564, 55
232566, 48
232800, 48
232802, 55
232804, 60
232806, 64
233040, 65
233044, 60
233048, 56
233052, 44
233520, 65
233522, 60
233524, 56
233526, 44
233760, 48
233762, 55
233764, 60
233766, 64
234000, 62
234002, 58
234004, 53
234006, 46
234240, 45
234242, 50
234244, 55
234246, 59
234480, 59
234482, 55
234484, 50
234486, 45
234720, 48
234724, 55
234728, 60
234732, 64
235200, 48
235202, 55
235204, 60
235206, 64
235440, 64
235442, 60
235444, 55
235446, 48
235680, 48
235682, 55
235684, 60
235686, 65
235920, 64
235922, 60
235924, 55
235926, 48
236160, 48
236162, 55
236164, 60
236166, 64
236400, 65
236404, 60
236408, 56
236412, 44
236880, 65
236882, 60
236884, 56
236886, 44
237120, 48
237122, 55
237124, 60
237126, 64
237360, 62
237362, 58
237364, 53
237366, 46
237600, 45
237602, 50
237604, 55
237606, 59
237840, 59
237842, 55
237844, 50
237846, 45
238080, 48
238084, 55
238088, 60
238092, 64
238560, 48
238562, 55
238564, 60
238566, 64
238800, 64
238802, 60
238804, 55
238806, 48
239040, 48
239042, 55
239044, 60
239046, 64
239280, 64
239282, 60
239284, 55
239286, 48
239520, 48
239522, 55
239524, 60
239526, 64
239760, 65
239764, 60
239768, 56
239772, 44
240240, 65
240242, 60
240244, 56
240246, 44
240480, 48
240482, 55
240484, 60
240486, 64
240720, 62
240722, 58
240724, 53
240726, 46
240960, 45
240962, 50
240964, 55
240966, 59
241200, 59
241202, 55
241204, 50
241206, 45
241440, 48
241444, 55
241448, 60
241452, 64
241920, 48
241922, 55
241924, 60
241926, 64
242160, 64
242162, 60
242164, 55
242166, 48
242400, 48
242402, 55
242404, 60
242406, 64
242640, 64
242642, 60
242644, 55
242646, 48
242880, 48
242882, 55
242884, 60
242886, 64
243120, 64
243122, 60
243124, 55
243126, 48
243360, 48
243362, 55
243364, 60
243366, 64
243600, 63
243602, 59
243604, 54
243606, 47
243840, 45
243842, 50
243844, 55
243846, 59
244080, 62
244084, 58
244088, 53
244092, 46
244560, 60
244562, 56
244564, 51
244566, 46
244800, 46
244804, 51
244808, 56
244812, 60
245280, 52
245280, 45
245760, 52
245760, 45
246000, 52
246000, 45
246240, 52
246240, 48
246480, 52
246480, 45
246960, 51
246960, 44
247440, 51
247440, 44
247920, 51
247920, 44
248160, 48
248640, 50
249120, 52
249120, 45
249600, 52
249600, 45
249840, 52
249840, 45
250080, 52
250080, 48
250320, 52
250320, 45
250800, 51
250800, 44
251280, 50
251520, 48
251760, 45
252000, 48
252480, 50
252960, 52
252960, 45
253440, 52
253440, 45
253680, 52
253680, 45
253920, 52
253920, 48
254160, 52
254160, 45
254640, 51
254640, 44
255120, 51
255120, 44
255600, 51
255600, 44
255840, 48
256320, 50
256800, 52
256800, 45
257280, 52
257280, 45
257520, 52
257520, 45
257760, 52
257760, 48
258000, 52
258000, 45
258480, 51
258480, 44
258960, 50
259200, 48
259200, 44
259440, 45
259680, 48
260160, 50
260640, 48
260644, 55
260648, 60
260652, 64
261120, 48
261122, 55
261124, 60
261126, 64
261360, 64
261362, 60
261364, 55
261366, 48
261600, 48
261602, 55
261604, 60
261606, 64
261840, 64
261842, 60
261844, 55
261846, 48
262080, 48
262082, 55
262084, 60
262086, 64
262320, 65
262324, 60
262328, 56
262332, 44
262800, 65
262802, 60
262804, 56
262806, 44
263040, 48
263042, 55
263044, 60
263046, 64
263280, 62
263282, 58
263284, 53
263286, 46
263520, 45
263522, 50
263524, 55
263526, 59
263760, 59
263762, 55
263764, 50
263766, 45
264000, 48
264004, 55
264008, 60
264012, 64
264480, 48
264482, 55
264484, 60
264486, 64
264720, 64
264722, 60
264724, 55
264726, 48
264960, 48
264962, 55
264964, 60
264966, 65
265200, 64
265202, 60
265204, 55
265206, 48
265440, 48
265442, 55
265444, 60
265446, 64
265680, 65
265684, 60
265688, 56
265692, 44
266160, 65
266162, 60
266164, 56
266166, 44
266400, 48
266402, 55
266404, 60
266406, 64
266640, 62
266642, 58
266644, 53
266646, 46
266880, 45
266882, 50
266884, 55
266886, 59
267120, 59
267122, 55
267124, 50
267126, 45
267360, 48
267364, 55
267368, 60
267372, 64
267840, 48
267842, 55
267844, 60
267846, 64
268080, 64
268082, 60
268084, 55
268086, 48
268320, 48
268322, 55
268324, 60
268326, 64
268560, 64
268562, 60
268564, 55
268566, 48
268800, 48
268802, 55
268804, 60
268806, 64
269040, 65
269044, 60
269048, 56
269052, 44
269520, 65
269522, 60
269524, 56
269526, 44
269760, 48
269762, 55
269764, 60
269766, 64
270000, 62
270002, 58
270004, 53
270006, 46
270240, 45
270242, 50
270244, 55
270246, 59
270480, 59
270482, 55
270484, 50
270486, 45
270720, 48
270724, 55
270728, 60
270732, 64
271200, 48
271202, 55
271204, 60
271206, 64
271440, 64
271442, 60
271444, 55
271446, 48
271680, 48
271682, 55
271684, 60
271686, 64
271920, 64
271922, 60
271924, 55
271926, 48
272160, 48
272162, 55
272164, 60
272166, 64
272400, 64
272402, 60
272404, 55
272406, 48
272640, 48
272642, 55
272644, 60
272646, 64
272880, 63
272882, 59
272884, 54
272886, 47
273120, 45
273122, 50
273124, 55
273126, 59
273360, 62
273364, 58
273368, 53
273372, 46
273840, 60
273842, 56
273844, 51
273846, 46
274080, 46
274084, 51
274088, 56
274092, 60
274560, 41
274568, 48
274576, 53
274584, 57
274592, 60
274600, 65
282240, 48
282244, 55
282248, 60
282252, 63
282256, 67
282720, 48
282724, 55
282728, 60
282732, 63
282736, 67
283200, 48
283202, 55
283204, 60
283206, 63
283208, 67
283440, 67
283442, 63
283444, 60
283446, 55
283448, 48
283680, 48
283682, 55
283684, 60
283686, 63
283688, 67
283920, 67
283922, 63
283924, 60
283926, 55
283928, 48
284160, 43
284164, 50
284168, 55
284172, 59
284176, 62
284180, 67
284640, 43
284644, 50
284648, 55
284652, 59
284656, 62
284660, 67
285120, 43
285122, 50
285124, 55
285126, 59
285128, 62
285130, 67
285360, 67
285362, 62
285364, 59
285366, 55
285368, 50
285370, 43
285600, 43
285602, 50
285604, 55
285606, 59
285608, 62
285610, 67
285840, 67
285842, 62
285844, 59
285846, 55
285848, 50
285850, 43
286080, 43
286084, 50
286088, 55
286092, 58
286096, 62
286100, 67
286560, 43
286564, 50
286568, 55
286572, 58
286576, 62
286580, 67
287040, 43
287042, 50
287044, 55
287046, 58
287048, 62
287050, 67
287280, 67
287282, 62
287284, 58
287286, 55
287288, 50
287290, 43
287520, 43
287522, 50
287524, 55
287526, 58
287528, 62
287530, 67
287760, 67
287762, 62
287764, 58
287766, 55
287768, 50
287770, 43
288000, 45
288004, 52
288008, 57
288012, 61
288016, 64
288020, 69
288480, 45
288484, 52
288488, 57
288492, 61
288496, 64
288500, 69
288960, 45
288962, 52
288964, 57
288966, 61
288968, 64
288970, 69
289200, 69
289202, 64
289204, 61
289206, 57
289208, 52
289210, 45
289440, 45
289442, 52
289444, 57
289446, 61
289448, 64
289450, 69
289680, 69
289682, 64
289684, 61
289686, 57
289688, 52
289690, 45
289920, 50
289924, 57
289928, 62
289932, 65
289936, 69
290400, 50
290404, 57
290408, 62
290412, 65
290416, 69
290880, 50
290882, 57
290884, 62
290886, 65
290888, 69
291120, 69
291122, 65
291124, 62
291126, 57
291128, 50
291360, 50
291362, 57
291364, 62
291366, 65
291368, 69
291600, 69
291602, 65
291604, 62
291606, 57
291608, 50
291840, 45
291844, 52
291848, 57
291852, 61
291856, 64
291860, 69
292320, 45
292324, 52
292328, 57
292332, 61
292336, 64
292340, 69
292800, 45
292802, 52
292804, 57
292806, 61
292808, 64
292810, 69
293040, 69
293042, 64
293044, 61
293046, 57
293048, 52
293050, 45
293280, 45
293282, 52
293284, 57
293286, 61
293288, 64
293290, 69
293520, 69
293522, 64
293524, 61
293526, 57
293528, 52
293530, 45
293760, 50
293764, 57
293768, 62
293772, 65
293776, 69
294240, 50
294244, 57
294248, 62
294252, 65
294256, 69
294720, 50
294722, 57
294724, 62
294726, 65
294728, 69
294960, 69
294962, 65
294964, 62
294966, 57
294968, 50
295200, 50
295202, 57
295204, 62
295206, 65
295208, 69
295440, 69
295442, 65
295444, 62
295446, 57
295448, 50
295680, 48
295684, 57
295688, 62
295692, 65
296160, 48
296164, 57
296168, 62
296172, 65
296640, 48
296642, 57
296644, 62
296646, 65
296880, 65
296882, 62
296884, 57
296886, 48
297120, 48
297122, 57
297124, 62
297126, 65
297360, 65
297362, 62
297364, 57
297366, 48
297600, 46
297604, 53
297608, 58
297612, 62
297616, 65
298080, 46
298084, 53
298088, 58
298092, 62
298096, 65
298560, 46
298562, 53
298564, 58
298566, 62
298568, 65
298800, 65
298802, 62
298804, 58
298806, 53
298808, 46
299040, 46
299042, 53
299044, 58
299046, 62
299048, 65
299280, 65
299282, 62
299284, 58
299286, 53
299288, 46
299520, 41
299524, 48
299528, 53
299532, 57
299536, 60
299540, 65
300000, 41
300004, 48
300008, 53
300012, 57
300016, 60
300020, 65
300480, 41
300482, 48
300484, 53
300486, 57
300488, 60
300490, 65
300720, 65
300722, 60
300724, 57
300726, 53
300728, 48
300730, 41
300960, 41
300962, 48
300964, 53
300966, 57
300968, 60
300970, 65
301200, 65
301202, 60
301204, 57
301206, 53
301208, 48
301210, 41
301440, 43
301444, 50
301448, 55
301452, 58
301456, 62
301920, 43
301924, 50
301928, 55
301932, 58
301936, 62
302400, 43
302402, 50
302404, 55
302406, 58
302408, 62
302640, 62
302642, 58
302644, 55
302646, 50
302648, 43
302880, 43
302882, 50
302884, 55
302886, 58
302888, 62
303120, 62
303122, 58
303124, 55
303126, 50
303128, 43
303360, 41
303364, 48
303368, 53
303372, 57
303376, 60
303840, 41
303844, 48
303848, 53
303852, 57
303856, 60
304320, 41
304322, 48
304324, 53
304326, 57
304328, 60
304560, 60
304562, 57
304564, 53
304566, 48
304568, 41
304800, 41
304802, 48
304804, 53
304806, 57
304808, 60
305040, 60
305042, 57
305044, 53
305046, 48
305048, 41
305280, 40
305284, 47
305288, 50
305292, 56
305296, 62
305760, 40
305764, 47
305768, 50
305772, 56
305776, 62
306240, 40
306242, 47
306244, 50
306246, 56
306248, 62
306480, 62
306482, 56
306484, 50
306486, 47
306488, 40
306720, 40
306722, 47
306724, 50
306726, 56
306728, 62
306960, 62
306962, 56
306964, 50
306966, 47
306968, 40
307200, 40
307204, 47
307208, 50
307212, 57
307216, 62
307680, 40
307684, 47
307688, 50
307692, 57
307696, 62
308160, 40
308162, 47
308164, 50
308166, 56
308168, 62
308400, 62
308402, 56
308404, 50
308406, 47
308408, 40
308640, 40
308642, 47
308644, 50
308646, 56
308648, 62
308880, 62
308882, 56
308884, 50
308886, 47
308888, 40
309120, 45
309124, 52
309128, 57
309132, 61
309136, 64
309600, 45
309604, 52
309608, 57
309612, 61
309616, 64
310080, 45
310082, 52
310084, 57
310086, 61
310088, 64
310320, 64
310322, 61
310324, 57
310326, 52
310328, 45
310560, 45
310562, 52
310564, 57
310566, 61
310568, 64
310800, 64
310802, 61
310804, 57
310806, 52
310808, 45
311040, 45
311044, 52
311048, 57
311052, 61
311056, 64
311520, 45
311524, 52
311528, 57
311532, 61
311536, 64
312000, 45
312002, 52
312004, 57
312006, 61
312008, 64
312240, 64
312242, 61
312244, 57
312246, 52
312248, 45
312480, 45
312482, 52
312484, 57
312486, 61
312488, 64
312720, 64
312722, 61
312724, 57
312726, 52
312728, 45
312960, 48
312964, 55
312968, 60
312972, 63
312976, 67
313440, 48
313444, 55
313448, 60
313452, 63
313456, 67
313920, 48
313922, 55
313924, 60
313926, 63
313928, 67
314160, 67
314162, 63
314164, 60
314166, 55
314168, 48
314400, 48
314402, 55
314404, 60
314406, 63
314408, 67
314640, 67
314642, 63
314644, 60
314646, 55
314648, 48
314880, 43
314884, 50
314888, 55
314892, 59
314896, 62
314900, 67
315360, 43
315364, 50
315368, 55
315372, 59
315376, 62
315380, 67
315840, 43
315842, 50
315844, 55
315846, 59
315848, 62
315850, 67
316080, 67
316082, 62
316084, 59
316086, 55
316088, 50
316090, 43
316320, 43
316322, 50
316324, 55
316326, 59
316328, 62
316330, 67
316560, 67
316562, 62
316564, 59
316566, 55
316568, 50
316570, 43
316800, 43
316804, 50
316808, 55
316812, 58
316816, 62
316820, 67
317280, 43
317284, 50
317288, 55
317292, 58
317296, 62
317300, 67
317760, 43
317762, 50
317764, 55
317766, 58
317768, 62
317770, 67
318000, 67
318002, 62
318004, 58
318006, 55
318008, 50
318010, 43
318240, 43
318242, 50
318244, 55
318246, 58
318248, 62
318250, 67
318480, 67
318482, 62
318484, 58
318486, 55
318488, 50
318490, 43
318720, 45
318724, 52
318728, 57
318732, 61
318736, 64
318740, 69
319200, 45
319204, 52
319208, 57
319212, 61
319216, 64
319220, 69
319680, 45
319682, 52
319684, 57
319686, 61
319688, 64
319690, 69
319920, 69
319922, 64
319924, 61
319926, 57
319928, 52
319930, 45
320160, 45
320162, 52
320164, 57
320166, 61
320168, 64
320170, 69
320400, 69
320402, 64
320404, 61
320406, 57
320408, 52
320410, 45
320640, 50
320644, 57
320648, 62
320652, 65
320656, 69
321120, 50
321124, 57
321128, 62
321132, 65
321136, 69
321600, 50
321602, 57
321604, 62
321606, 65
321608, 69
321840, 69
321842, 65
321844, 62
321846, 57
321848, 50
322080, 50
322082, 57
322084, 62
322086, 65
322088, 69
322320, 69
322322, 65
322324, 62
322326, 57
322328, 50
322560, 45
322564, 52
322568, 57
322572, 61
322576, 64
322580, 69
323040, 45
323044, 52
323048, 57
323052, 61
323056, 64
323060, 69
323520, 45
323522, 52
323524, 57
323526, 61
323528, 64
323530, 69
323760, 69
323762, 64
323764, 61
323766, 57
323768, 52
323770, 45
324000, 45
324002, 52
324004, 57
324006, 61
324008, 64
324010, 69
324240, 69
324242, 64
324244, 61
324246, 57
324248, 52
324250, 45
324480, 50
324484, 57
324488, 62
324492, 65
324496, 69
324960, 50
324964, 57
324968, 62
324972, 65
324976, 69
325440, 50
325442, 57
325444, 62
325446, 65
325448, 69
325680, 69
325682, 65
325684, 62
325686, 57
325688, 50
325920, 50
325922, 57
325924, 62
325926, 65
325928, 69
326160, 69
326162, 65
326164, 62
326166, 57
326168, 50
326400, 48
326404, 57
326408, 62
326412, 65
326880, 48
326884, 57
326888, 62
326892, 65
327360, 48
327362, 57
327364, 62
327366, 65
327600, 65
327602, 62
327604, 57
327606, 48
327840, 48
327842, 57
327844, 62
327846, 65
328080, 65
328082, 62
328084, 57
328086, 48
328320, 46
328324, 53
328328, 58
328332, 62
328336, 65
328800, 46
328804, 53
328808, 58
328812, 62
328816, 65
329280, 46
329282, 53
329284, 58
329286, 62
329288, 65
329520, 65
329522, 62
329524, 58
329526, 53
329528, 46
329760, 46
329762, 53
329764, 58
329766, 62
329768, 65
330000, 65
330002, 62
330004, 58
330006, 53
330008, 46
330240, 41
330244, 48
330248, 53
330252, 57
330256, 60
330260, 65
330720, 41
330724, 48
330728, 53
330732, 57
330736, 60
330740, 65
331200, 41
331202, 48
331204, 53
331206, 57
331208, 60
331210, 65
331440, 65
331442, 60
331444, 57
331446, 53
331448, 48
331450, 41
331680, 41
331682, 48
331684, 53
331686, 57
331688, 60
331690, 65
331920, 65
331922, 60
331924, 57
331926, 53
331928, 48
331930, 41
332160, 43
332164, 50
332168, 55
332172, 58
332176, 62
332640, 43
332644, 50
332648, 55
332652, 58
332656, 62
333120, 43
333122, 50
333124, 55
333126, 58
333128, 62
333360, 62
333362, 58
333364, 55
333366, 50
333368, 43
333600, 43
333602, 50
333604, 55
333606, 58
333608, 62
333840, 62
333842, 58
333844, 55
333846, 50
333848, 43
334080, 41
334084, 48
334088, 53
334092, 57
334096, 60
334560, 41
334564, 48
334568, 53
334572, 57
334576, 60
335040, 41
335042, 48
335044, 53
335046, 57
335048, 60
335280, 60
335282, 57
335284, 53
335286, 48
335288, 41
335520, 41
335522, 48
335524, 53
335526, 57
335528, 60
335760, 60
335762, 57
335764, 53
335766, 48
335768, 41
336000, 40
336004, 47
336008, 50
336012, 56
336016, 62
336480, 40
336484, 47
336488, 50
336492, 56
336496, 62
336960, 40
336962, 47
336964, 50
336966, 56
336968, 62
337200, 62
337202, 56
337204, 50
337206, 47
337208, 40
337440, 40
337442, 47
337444, 50
337446, 56
337448, 62
337680, 62
337682, 56
337684, 50
337686, 47
337688, 40
337920, 40
337924, 47
337928, 50
337932, 57
337936, 62
338400, 40
338404, 47
338408, 50
338412, 57
338416, 62
338880, 40
338882, 47
338884, 50
338886, 56
338888, 62
339120, 62
339122, 56
339124, 50
339126, 47
339128, 40
339360, 40
339362, 47
339364, 50
339366, 56
339368, 62
339600, 62
339602, 56
339604, 50
339606, 47
339608, 40
339840, 45
339844, 52
339848, 57
339852, 61
339856, 64
340320, 45
340324, 52
340328, 57
340332, 61
340336, 64
340800, 45
340802, 52
340804, 57
340806, 61
340808, 64
341040, 64
341042, 61
341044, 57
341046, 52
341048, 45
341280, 45
341282, 52
341284, 57
341286, 61
341288, 64
341520, 64
341522, 61
341524, 57
341526, 52
341528, 45
341760, 45
341764, 52
341768, 57
341772, 61
341776, 64
342240, 45
342244, 52
342248, 57
342252, 61
342256, 64
342720, 45
342722, 52
342724, 57
342726, 61
342728, 64
342960, 64
342962, 61
342964, 57
342966, 52
342968, 45
343200, 45
343202, 52
343204, 57
343206, 61
343208, 64
343440, 64
343442, 61
343444, 57
343446, 52
343448, 45
343680, 48
343684, 55
343688, 60
343692, 63
343696, 67
344160, 48
344164, 55
344168, 60
344172, 63
344176, 67
344640, 48
344642, 55
344644, 60
344646, 63
344648, 67
344880, 67
344882, 63
344884, 60
344886, 55
344888, 48
345120, 48
345122, 55
345124, 60
345126, 63
345128, 67
345360, 67
345362, 63
345364, 60
345366, 55
345368, 48
345600, 43
345604, 50
345608, 55
345612, 59
345616, 62
345620, 67
346080, 43
346084, 50
346088, 55
346092, 59
346096, 62
346100, 67
346560, 43
346562, 50
346564, 55
346566, 59
346568, 62
346570, 67
346800, 67
346802, 62
346804, 59
346806, 55
346808, 50
346810, 43
347040, 43
347042, 50
347044, 55
347046, 59
347048, 62
347050, 67
347280, 67
347282, 62
347284, 59
347286, 55
347288, 50
347290, 43
347520, 43
347524, 50
347528, 55
347532, 58
347536, 62
347540, 67
348000, 43
348004, 50
348008, 55
348012, 58
348016, 62
348020, 67
348480, 43
348482, 50
348484, 55
348486, 58
348488, 62
348490, 67
348720, 67
348722, 62
348724, 58
348726, 55
348728, 50
348730, 43
348960, 43
348962, 50
348964, 55
348966, 58
348968, 62
348970, 67
349200, 67
349202, 62
349204, 58
349206, 55
349208, 50
349210, 43
349440, 45
349444, 52
349448, 57
349452, 61
349456, 64
349460, 69
349920, 45
349924, 52
349928, 57
349932, 61
349936, 64
349940, 69
350400, 45
350402, 52
350404, 57
350406, 61
350408, 64
350410, 69
350640, 69
350642, 64
350644, 61
350646, 57
350648, 52
350650, 45
350880, 45
350882, 52
350884, 57
350886, 61
350888, 64
350890, 69
351120, 69
351122, 64
351124, 61
351126, 57
351128, 52
351130, 45
351360, 50
351364, 57
351368, 62
351372, 65
351376, 69
351840, 50
351844, 57
351848, 62
351852, 65
351856, 69
352320, 50
352322, 57
352324, 62
352326, 65
352328, 69
352560, 69
352562, 65
352564, 62
352566, 57
352568, 50
352800, 50
352802, 57
352804, 62
352806, 65
352808, 69
353040, 69
353042, 65
353044, 62
353046, 57
353048, 50
353280, 45
353284, 52
353288, 57
353292, 61
353296, 64
353300, 69
353760, 45
353764, 52
353768, 57
353772, 61
353776, 64
353780, 69
354240, 45
354242, 52
354244, 57
354246, 61
354248, 64
354250, 69
354480, 69
354482, 64
354484, 61
354486, 57
354488, 52
354490, 45
354720, 45
354722, 52
354724, 57
354726, 61
354728, 64
354730, 69
354960, 69
354962, 64
354964, 61
354966, 57
354968, 52
354970, 45
355200, 50
355204, 57
355208, 62
355212, 65
355216, 69
355680, 50
355684, 57
355688, 62
355692, 65
355696, 69
356160, 50
356162, 57
356164, 62
356166, 65
356168, 69
356400, 69
356402, 65
356404, 62
356406, 57
356408, 50
356640, 50
356642, 57
356644, 62
356646, 65
356648, 69
356880, 69
356882, 65
356884, 62
356886, 57
356888, 50
357120, 48
357124, 57
357128, 62
357132, 65
357600, 48
357604, 57
357608, 62
357612, 65
358080, 48
358082, 57
358084, 62
358086, 65
358320, 65
358322, 62
358324, 57
358326, 48
358560, 48
358562, 57
358564, 62
358566, 65
358800, 65
358802, 62
358804, 57
358806, 48
359040, 46
359044, 53
359048, 58
359052, 62
359056, 65
359520, 46
359524, 53
359528, 58
359532, 62
359536, 65
360000, 46
360002, 53
360004, 58
360006, 62
360008, 65
360240, 65
360242, 62
360244, 58
360246, 53
360248, 46
360480, 46
360482, 53
360484, 58
360486, 62
360488, 65
360720, 65
360722, 62
360724, 58
360726, 53
360728, 46
360960, 41
360964, 48
360968, 53
360972, 57
360976, 60
360980, 65
361440, 41
361444, 48
361448, 53
361452, 57
361456, 60
361460, 65
361920, 41
361922, 48
361924, 53
361926, 57
361928, 60
361930, 65
362160, 65
362162, 60
362164, 57
362166, 53
362168, 48
362170, 41
362400, 41
362402, 48
362404, 53
362406, 57
362408, 60
362410, 65
362640, 65
362642, 60
362644, 57
362646, 53
362648, 48
362650, 41
362880, 43
362884, 50
362888, 55
362892, 58
362896, 62
363360, 43
363364, 50
363368, 55
363372, 58
363376, 62
363840, 43
363842, 50
363844, 55
363846, 58
363848, 62
364080, 62
364082, 58
364084, 55
364086, 50
364088, 43
364320, 43
364322, 50
364324, 55
364326, 58
364328, 62
364560, 62
364562, 58
364564, 55
364566, 50
364568, 43
364800, 41
364804, 48
364808, 53
364812, 57
364816, 60
365280, 41
365284, 48
365288, 53
365292, 57
365296, 60
365760, 41
365762, 48
365764, 53
365766, 57
365768, 60
366000, 60
366002, 57
366004, 53
366006, 48
366008, 41
366240, 41
366242, 48
366244, 53
366246, 57
366248, 60
366480, 60
366482, 57
366484, 53
366486, 48
366488, 41
366720, 40
366724, 47
366728, 50
366732, 56
366736, 62
367200, 40
367204, 47
367208, 50
367212, 56
367216, 62
367680, 40
367682, 47
367684, 50
367686, 56
367688, 62
367920, 62
367922, 56
367924, 50
367926, 47
367928, 40
368160, 40
368162, 47
368164, 50
368166, 56
368168, 62
368400, 62
368402, 56
368404, 50
368406, 47
368408, 40
368640, 40
368644, 47
368648, 50
368652, 57
368656, 62
369120, 40
369124, 47
369128, 50
369132, 57
369136, 62
369600, 40
369602, 47
369604, 50
369606, 56
369608, 62
369840, 62
369842, 56
369844, 50
369846, 47
369848, 40
370080, 40
370082, 47
370084, 50
370086, 56
370088, 62
370320, 62
370322, 56
370324, 50
370326, 47
370328, 40
370560, 45
370564, 52
370568, 57
370572, 61
370576, 64
371040, 45
371044, 52
371048, 57
371052, 61
371056, 64
371520, 45
371522, 52
371524, 57
371526, 61
371528, 64
371760, 64
371762, 61
371764, 57
371766, 52
371768, 45
372000, 45
372002, 52
372004, 57
372006, 61
372008, 64
372240, 64
372242, 61
372244, 57
372246, 52
372248, 45
372480, 45
372484, 52
372488, 57
372492, 61
372496, 64
372960, 45
372964, 52
372968, 57
372972, 61
372976, 64
373440, 45
373442, 52
373444, 57
373446, 61
373448, 64
373680, 64
373682, 61
373684, 57
373686, 52
373688, 45
373920, 45
373922, 52
373924, 57
373926, 61
373928, 64
374160, 64
374162, 61
374164, 57
374166, 52
374168, 45
374400, 48
374404, 55
374408, 60
374412, 63
374416, 67
374880, 48
374884, 55
374888, 60
374892, 63
374896, 67
375360, 48
375362, 55
375364, 60
375366, 63
375368, 67
375600, 67
375602, 63
375604, 60
375606, 55
375608, 48
375840, 48
375842, 55
375844, 60
375846, 63
375848, 67
376080, 67
376082, 63
376084, 60
376086, 55
376088, 48
376320, 43
376324, 50
376328, 55
376332, 59
376336, 62
376340, 67
376800, 43
376804, 50
376808, 55
376812, 59
376816, 62
376820, 67
377280, 43
377282, 50
377284, 55
377286, 59
377288, 62
377290, 67
377520, 67
377522, 62
377524, 59
377526, 55
377528, 50
377530, 43
377760, 43
377762, 50
377764, 55
377766, 59
377768, 62
377770, 67
378000, 67
378002, 62
378004, 59
378006, 55
378008, 50
378010, 43
378240, 43
378244, 50
378248, 55
378252, 58
378256, 62
378260, 67
378720, 43
378724, 50
378728, 55
378732, 58
378736, 62
378740, 67
379200, 43
379202, 50
379204, 55
379206, 58
379208, 62
379210, 67
379440, 67
379442, 62
379444, 58
379446, 55
379448, 50
379450, 43
379680, 43
379682, 50
379684, 55
379686, 58
379688, 62
379690, 67
379920, 67
379922, 62
379924, 58
379926, 55
379928, 50
379930, 43
380160, 45
380164, 52
380168, 57
380172, 61
380176, 64
380180, 69
380640, 45
380644, 52
380648, 57
380652, 61
380656, 64
380660, 69
381120, 45
381122, 52
381124, 57
381126, 61
381128, 64
381130, 69
381360, 69
381362, 64
381364, 61
381366, 57
381368, 52
381370, 45
381600, 45
381602, 52
381604, 57
381606, 61
381608, 64
381610, 69
381840, 69
381842, 64
381844, 61
381846, 57
381848, 52
381850, 45
382080, 50
382084, 57
382088, 62
382092, 65
382096, 69
382560, 50
382564, 57
382568, 62
382572, 65
382576, 69
383040, 50
383042, 57
383044, 62
383046, 65
383048, 69
383280, 69
383282, 65
383284, 62
383286, 57
383288, 50
383520, 50
383522, 57
383524, 62
383526, 65
383528, 69
383760, 69
383762, 65
383764, 62
383766, 57
383768, 50
384000, 45
384004, 52
384008, 57
384012, 61
384016, 64
384020, 69
384480, 45
384484, 52
384488, 57
384492, 61
384496, 64
384500, 69
384960, 45
384962, 52
384964, 57
384966, 61
384968, 64
384970, 69
385200, 69
385202, 64
385204, 61
385206, 57
385208, 52
385210, 45
385440, 45
385442, 52
385444, 57
385446, 61
385448, 64
385450, 69
385680, 69
385682, 64
385684, 61
385686, 57
385688, 52
385690, 45
385920, 50
385924, 57
385928, 62
385932, 65
385936, 69
386400, 50
386404, 57
386408, 62
386412, 65
386416, 69
386880, 50
386882, 57
386884, 62
386886, 65
386888, 69
387120, 69
387122, 65
387124, 62
387126, 57
387128, 50
387360, 50
387362, 57
387364, 62
387366, 65
387368, 69
387600, 69
387602, 65
387604, 62
387606, 57
387608, 50
387840, 48
387844, 57
387848, 62
387852, 65
388320, 48
388324, 57
388328, 62
388332, 65
388800, 48
388802, 57
388804, 62
388806, 65
389040, 65
389042, 62
389044, 57
389046, 48
389280, 48
389282, 57
389284, 62
389286, 65
389520, 65
389522, 62
389524, 57
389526, 48
389760, 46
389764, 53
389768, 58
389772, 62
389776, 65
390240, 46
390244, 53
390248, 58
390252, 62
390256, 65
390720, 46
390722, 53
390724, 58
390726, 62
390728, 65
390960, 65
390962, 62
390964, 58
390966, 53
390968, 46
391200, 46
391202, 53
391204, 58
391206, 62
391208, 65
391440, 65
391442, 62
391444, 58
391446, 53
391448, 46
391680, 41
391684, 48
391688, 53
391692, 57
391696, 60
391700, 65
392160, 41
392164, 48
392168, 53
392172, 57
392176, 60
392180, 65
392640, 41
392642, 48
392644, 53
392646, 57
392648, 60
392650, 65
392880, 65
392882, 60
392884, 57
392886, 53
392888, 48
392890, 41
393120, 41
393122, 48
393124, 53
393126, 57
393128, 60
393130, 65
393360, 65
393362, 60
393364, 57
393366, 53
393368, 48
393370, 41
393600, 43
393604, 50
393608, 55
393612, 58
393616, 62
394080, 43
394084, 50
394088, 55
394092, 58
394096, 62
394560, 43
394562, 50
394564, 55
394566, 58
394568, 62
394800, 62
394802, 58
394804, 55
394806, 50
394808, 43
395040, 43
395042, 50
395044, 55
395046, 58
395048, 62
395280, 62
395282, 58
395284, 55
395286, 50
395288, 43
395520, 41
395524, 48
395528, 53
395532, 57
395536, 60
396000, 41
396004, 48
396008, 53
396012, 57
396016, 60
396480, 41
396482, 48
396484, 53
396486, 57
396488, 60
396720, 60
396722, 57
396724, 53
396726, 48
396728, 41
396960, 41
396962, 48
396964, 53
396966, 57
396968, 60
397200, 60
397202, 57
397204, 53
397206, 48
397208, 41
397440, 40
397444, 47
397448, 50
397452, 56
397456, 62
397920, 40
397924, 47
397928, 50
397932, 56
397936, 62
398400, 40
398402, 47
398404, 50
398406, 56
398408, 62
398640, 62
398642, 56
398644, 50
398646, 47
398648, 40
398880, 40
398882, 47
398884, 50
398886, 56
398888, 62
399120, 62
399122, 56
399124, 50
399126, 47
399128, 40
399360, 40
399364, 47
399368, 50
399372, 57
399376, 62
399840, 40
399844, 47
399848, 50
399852, 57
399856, 62
400320, 40
400322, 47
400324, 50
400326, 56
400328, 62
400560, 62
400562, 56
400564, 50
400566, 47
400568, 40
400800, 40
400802, 47
400804, 50
400806, 56
400808, 62
401040, 62
401042, 56
401044, 50
401046, 47
401048, 40
401280, 40
401284, 47
401288, 50
401292, 56
401296, 62
401760, 40
401764, 47
401768, 50
401772, 56
401776, 62
402240, 40
402242, 47
402244, 50
402246, 56
402248, 62
402480, 62
402482, 56
402484, 50
402486, 47
402488, 40
402720, 40
402722, 47
402724, 50
402726, 56
402728, 62
402960, 62
402962, 56
402964, 50
402966, 47
402968, 40
403200, 40
403204, 47
403208, 50
403212, 57
403216, 62
403680, 40
403684, 47
403688, 50
403692, 57
403696, 62
404160, 40
404162, 47
404164, 50
404166, 56
404168, 62
404400, 62
404402, 56
404404, 50
404406, 47
404408, 40
404640, 40
404642, 47
404644, 50
404646, 56
404648, 62
404880, 62
404882, 56
404884, 50
404886, 47
404888, 40
405120, 45
405600, 45
405840, 45
406080, 48
406320, 45
406800, 44
407280, 44
407760, 44
408000, 48
408480, 50
408960, 45
409440, 45
409680, 45
409920, 48
410160, 45
410640, 44
411120, 50
411360, 48
411600, 45
411840, 50
412080, 48
412320, 45
412560, 48
412800, 45
413280, 45
413520, 45
413760, 48
414000, 45
414480, 44
414960, 44
415440, 44
415680, 48
416160, 50
416640, 45
417120, 45
417360, 45
417600, 48
417840, 45
418320, 44
418800, 50
419040, 48
419280, 45
419520, 50
419760, 48
420000, 45
420240, 48
420480, 48
420484, 55
420488, 60
420492, 64
420960, 48
420962, 55
420964, 60
420966, 64
421200, 64
421202, 60
421204, 55
421206, 48
421440, 48
421442, 55
421444, 60
421446, 64
421680, 64
421682, 60
421684, 55
421686, 48
421920, 48
421922, 55
421924, 60
421926, 64
422160, 65
422164, 60
422168, 56
422172, 44
422640, 65
422642, 60
422644, 56
422646, 44
422880, 48
422882, 55
422884, 60
422886, 64
423120, 62
423122, 58
423124, 53
423126, 46
423360, 45
423362, 50
423364, 55
423366, 59
423600, 59
423602, 55
423604, 50
423606, 45
423840, 48
423844, 55
423848, 60
423852, 64
424320, 48
424322, 55
424324, 60
424326, 64
424560, 64
424562, 60
424564, 55
424566, 48
424800, 48
424802, 55
424804, 60
424806, 65
425040, 64
425042, 60
425044, 55
425046, 48
425280, 48
425282, 55
425284, 60
425286, 64
425520, 65
425524, 60
425528, 56
425532, 44
426000, 65
426002, 60
426004, 56
426006, 44
426240, 48
426242, 55
426244, 60
426246, 64
426480, 62
426482, 58
426484, 53
426486, 46
426720, 45
426722, 50
426724, 55
426726, 59
426960, 59
426962, 55
426964, 50
426966, 45
427200, 48
427204, 55
427208, 60
427212, 64
427680, 48
427682, 55
427684, 60
427686, 64
427920, 64
427922, 60
427924, 55
427926, 48
428160, 48
428162, 55
428164, 60
428166, 64
428400, 64
428402, 60
428404, 55
428406, 48
428640, 48
428642, 55
428644, 60
428646, 64
428880, 65
428884, 60
428888, 56
428892, 44
429360, 65
429362, 60
429364, 56
429366, 44
429600, 48
429602, 55
429604, 60
429606, 64
429840, 62
429842, 58
429844, 53
429846, 46
430080, 45
430082, 50
430084, 55
430086, 59
430320, 59
430322, 55
430324, 50
430326, 45
430560, 48
430564, 55
430568, 60
430572, 64
431040, 48
431042, 55
431044, 60
431046, 64
431280, 64
431282, 60
431284, 55
431286, 48
431520, 48
431522, 55
431524, 60
431526, 64
431760, 64
431762, 60
431764, 55
431766, 48
432000, 48
432002, 55
432004, 60
432006, 64
432240, 64
432242, 60
432244, 55
432246, 48
432480, 48
432482, 55
432484, 60
432486, 64
432720, 63
432722, 59
432724, 54
432726, 47
432960, 45
432962, 50
432964, 55
432966, 59
433200, 62
433202, 58
433204, 53
433206, 46
433440, 45
433442, 50
433444, 55
433446, 59
433680, 64
433682, 60
433684, 55
433686, 48
433920, 45
433922, 50
433924, 55
433926, 59
434160, 64
434162, 60
434164, 55
434166, 48
434400, 52
434400, 45
434880, 52
434880, 45
435120, 52
435120, 45
435360, 52
435360, 48
435600, 52
435600, 45
436080, 51
436080, 44
436560, 51
436560, 44
437040, 51
437040, 44
437280, 48
437760, 50
438240, 52
438240, 45
438720, 52
438720, 45
438960, 52
438960, 45
439200, 52
439200, 48
439440, 52
439440, 45
439920, 51
439920, 44
440400, 50
440640, 48
440880, 45
441120, 48
441600, 50
442080, 52
442080, 45
442560, 52
442560, 45
442800, 52
442800, 45
443040, 52
443040, 48
443280, 52
443280, 45
443760, 51
443760, 44
444240, 51
444240, 44
444720, 51
444720, 44
444960, 48
445440, 50
445920, 52
445920, 45
446400, 52
446400, 45
446640, 52
446640, 45
446880, 52
446880, 48
447120, 52
447120, 45
447600, 51
447600, 44
448080, 50
448320, 48
448320, 44
448560, 45
448800, 48
449280, 50
449760, 48
449764, 55
449768, 60
449772, 64
450240, 48
450242, 55
450244, 60
450246, 64
450480, 64
450482, 60
450484, 55
450486, 48
450720, 48
450722, 55
450724, 60
450726, 64
450960, 64
450962, 60
450964, 55
450966, 48
451200, 48
451202, 55
451204, 60
451206, 64
451440, 65
451444, 60
451448, 56
451452, 44
451920, 65
451922, 60
451924, 56
451926, 44
452160, 48
452162, 55
452164, 60
452166, 64
452400, 62
452402, 58
452404, 53
452406, 46
452640, 45
452642, 50
452644, 55
452646, 59
452880, 59
452882, 55
452884, 50
452886, 45
453120, 48
453124, 55
453128, 60
453132, 64
453600, 48
453602, 55
453604, 60
453606, 64
453840, 64
453842, 60
453844, 55
453846, 48
454080, 48
454082, 55
454084, 60
454086, 65
454320, 64
454322, 60
454324, 55
454326, 48
454560, 48
454562, 55
454564, 60
454566, 64
454800, 65
454804, 60
454808, 56
454812, 44
455280, 65
455282, 60
455284, 56
455286, 44
455520, 48
455522, 55
455524, 60
455526, 64
455760, 62
455762, 58
455764, 53
455766, 46
456000, 45
456002, 50
456004, 55
456006, 59
456240, 59
456242, 55
456244, 50
456246, 45
456480, 48
456484, 55
456488, 60
456492, 64
456960, 48
456962, 55
456964, 60
456966, 64
457200, 64
457202, 60
457204, 55
457206, 48
457440, 48
457442, 55
457444, 60
457446, 64
457680, 64
457682, 60
457684, 55
457686, 48
457920, 48
457922, 55
457924, 60
457926, 64
458160, 65
458164, 60
458168, 56
458172, 44
458640, 65
458642, 60
458644, 56
458646, 44
458880, 48
458882, 55
458884, 60
458886, 64
459120, 62
459122, 58
459124, 53
459126, 46
459360, 45
459362, 50
459364, 55
459366, 59
459600, 59
459602, 55
459604, 50
459606, 45
459840, 48
459844, 55
459848, 60
459852, 64
460320, 48
460322, 55
460324, 60
460326, 64
460560, 64
460562, 60
460564, 55
460566, 48
460800, 48
460802, 55
460804, 60
460806, 64
461040, 64
461042, 60
461044, 55
461046, 48
461280, 48
461282, 55
461284, 60
461286, 64
461520, 64
461522, 60
461524, 55
461526, 48
461760, 48
461762, 55
461764, 60
461766, 64
462000, 63
462002, 59
462004, 54
462006, 47
462240, 45
462242, 50
462244, 55
462246, 59
462480, 62
462484, 58
462488, 53
462492, 46
462960, 60
462962, 56
462964, 51
462966, 46
